v 0.00000 0.88759 0.08475 0.06848 0.10224 0.03190
v -0.04981 0.88759 0.06856 0.06848 0.10224 0.03190
v -0.08060 0.88759 0.02619 0.06848 0.10224 0.03190
v -0.08060 0.88759 -0.02619 0.06848 0.10224 0.03190
v -0.04981 0.88759 -0.06856 0.06848 0.10224 0.03190
v -0.00000 0.88759 -0.08475 0.06848 0.10224 0.03190
v 0.04981 0.88759 -0.06856 0.06848 0.10224 0.03190
v 0.08060 0.88759 -0.02619 0.06848 0.10224 0.03190
v 0.08060 0.88759 0.02619 0.06848 0.10224 0.03190
v 0.04981 0.88759 0.06856 0.06848 0.10224 0.03190
v 0.00000 0.88759 0.08475 0.06848 0.10224 0.03190
v 0.00000 0.11716 0.15409 0.06848 0.10224 0.03190
v -0.09057 0.11716 0.12466 0.06848 0.10224 0.03190
v -0.14654 0.11716 0.04761 0.06848 0.10224 0.03190
v -0.14654 0.11716 -0.04761 0.06848 0.10224 0.03190
v -0.09057 0.11716 -0.12466 0.06848 0.10224 0.03190
v -0.00000 0.11716 -0.15409 0.06848 0.10224 0.03190
v 0.09057 0.11716 -0.12466 0.06848 0.10224 0.03190
v 0.14654 0.11716 -0.04761 0.06848 0.10224 0.03190
v 0.14654 0.11716 0.04761 0.06848 0.10224 0.03190
v 0.09057 0.11716 0.12466 0.06848 0.10224 0.03190
v 0.00000 0.11716 0.15409 0.06848 0.10224 0.03190
v 0.00000 0.88759 0.00000 0.06848 0.10224 0.03190
v 0.00000 0.88759 0.00000 0.06848 0.10224 0.03190
v 0.00000 0.88759 0.00000 0.06848 0.10224 0.03190
v 0.00000 0.88759 0.00000 0.06848 0.10224 0.03190
v 0.00000 0.88759 0.00000 0.06848 0.10224 0.03190
v 0.00000 0.88759 0.00000 0.06848 0.10224 0.03190
v 0.00000 0.88759 0.00000 0.06848 0.10224 0.03190
v 0.00000 0.88759 0.00000 0.06848 0.10224 0.03190
v 0.00000 0.88759 0.00000 0.06848 0.10224 0.03190
v 0.00000 0.88759 0.00000 0.06848 0.10224 0.03190
v 0.00000 0.88759 0.08475 0.06848 0.10224 0.03190
v -0.04981 0.88759 0.06856 0.06848 0.10224 0.03190
v -0.08060 0.88759 0.02619 0.06848 0.10224 0.03190
v -0.08060 0.88759 -0.02619 0.06848 0.10224 0.03190
v -0.04981 0.88759 -0.06856 0.06848 0.10224 0.03190
v -0.00000 0.88759 -0.08475 0.06848 0.10224 0.03190
v 0.04981 0.88759 -0.06856 0.06848 0.10224 0.03190
v 0.08060 0.88759 -0.02619 0.06848 0.10224 0.03190
v 0.08060 0.88759 0.02619 0.06848 0.10224 0.03190
v 0.04981 0.88759 0.06856 0.06848 0.10224 0.03190
v 0.00000 0.88759 0.08475 0.06848 0.10224 0.03190
v 0.00000 0.11716 0.00000 0.06848 0.10224 0.03190
v 0.00000 0.11716 0.00000 0.06848 0.10224 0.03190
v 0.00000 0.11716 0.00000 0.06848 0.10224 0.03190
v 0.00000 0.11716 0.00000 0.06848 0.10224 0.03190
v 0.00000 0.11716 0.00000 0.06848 0.10224 0.03190
v 0.00000 0.11716 0.00000 0.06848 0.10224 0.03190
v 0.00000 0.11716 0.00000 0.06848 0.10224 0.03190
v 0.00000 0.11716 0.00000 0.06848 0.10224 0.03190
v 0.00000 0.11716 0.00000 0.06848 0.10224 0.03190
v 0.00000 0.11716 0.00000 0.06848 0.10224 0.03190
v 0.00000 0.11716 0.15409 0.06848 0.10224 0.03190
v -0.09057 0.11716 0.12466 0.06848 0.10224 0.03190
v -0.14654 0.11716 0.04761 0.06848 0.10224 0.03190
v -0.14654 0.11716 -0.04761 0.06848 0.10224 0.03190
v -0.09057 0.11716 -0.12466 0.06848 0.10224 0.03190
v -0.00000 0.11716 -0.15409 0.06848 0.10224 0.03190
v 0.09057 0.11716 -0.12466 0.06848 0.10224 0.03190
v 0.14654 0.11716 -0.04761 0.06848 0.10224 0.03190
v 0.14654 0.11716 0.04761 0.06848 0.10224 0.03190
v 0.09057 0.11716 0.12466 0.06848 0.10224 0.03190
v 0.00000 0.11716 0.15409 0.06848 0.10224 0.03190
v 0.34701 0.63110 0.00000 0.06848 0.10224 0.03190
v 0.34701 0.63110 0.00000 0.06848 0.10224 0.03190
v 0.34701 0.63110 0.00000 0.06848 0.10224 0.03190
v 0.34701 0.63110 0.00000 0.06848 0.10224 0.03190
v 0.34701 0.63110 0.00000 0.06848 0.10224 0.03190
v 0.34701 0.63110 0.00000 0.06848 0.10224 0.03190
v 0.34701 0.63110 0.00000 0.06848 0.10224 0.03190
v 0.34701 0.63110 0.00000 0.06848 0.10224 0.03190
v 0.34701 0.63110 0.00000 0.06848 0.10224 0.03190
v 0.34701 0.63110 0.00000 0.06848 0.10224 0.03190
v 0.34701 0.63110 0.00000 0.06848 0.10224 0.03190
v 0.35262 0.63765 0.00000 0.06848 0.10224 0.03190
v 0.35142 0.63653 0.00504 0.06848 0.10224 0.03190
v 0.34829 0.63361 0.00815 0.06848 0.10224 0.03190
v 0.34441 0.63000 0.00815 0.06848 0.10224 0.03190
v 0.34127 0.62708 0.00504 0.06848 0.10224 0.03190
v 0.34008 0.62596 0.00000 0.06848 0.10224 0.03190
v 0.34127 0.62708 -0.00504 0.06848 0.10224 0.03190
v 0.34441 0.63000 -0.00815 0.06848 0.10224 0.03190
v 0.34829 0.63361 -0.00815 0.06848 0.10224 0.03190
v 0.35142 0.63653 -0.00504 0.06848 0.10224 0.03190
v 0.35262 0.63765 -0.00000 0.06848 0.10224 0.03190
v 0.35664 0.64528 0.00000 0.06848 0.10224 0.03190
v 0.35430 0.64311 0.00982 0.06848 0.10224 0.03190
v 0.34819 0.63741 0.01590 0.06848 0.10224 0.03190
v 0.34063 0.63037 0.01590 0.06848 0.10224 0.03190
v 0.33451 0.62467 0.00982 0.06848 0.10224 0.03190
v 0.33218 0.62250 0.00000 0.06848 0.10224 0.03190
v 0.33451 0.62467 -0.00982 0.06848 0.10224 0.03190
v 0.34063 0.63037 -0.01590 0.06848 0.10224 0.03190
v 0.34819 0.63741 -0.01590 0.06848 0.10224 0.03190
v 0.35430 0.64311 -0.00982 0.06848 0.10224 0.03190
v 0.35664 0.64528 -0.00000 0.06848 0.10224 0.03190
v 0.35885 0.65362 0.00000 0.06848 0.10224 0.03190
v 0.35550 0.65049 0.01412 0.06848 0.10224 0.03190
v 0.34671 0.64231 0.02284 0.06848 0.10224 0.03190
v 0.33585 0.63219 0.02284 0.06848 0.10224 0.03190
v 0.32706 0.62400 0.01412 0.06848 0.10224 0.03190
v 0.32370 0.62088 0.00000 0.06848 0.10224 0.03190
v 0.32706 0.62400 -0.01412 0.06848 0.10224 0.03190
v 0.33585 0.63219 -0.02284 0.06848 0.10224 0.03190
v 0.34671 0.64231 -0.02284 0.06848 0.10224 0.03190
v 0.35550 0.65049 -0.01412 0.06848 0.10224 0.03190
v 0.35885 0.65362 -0.00000 0.06848 0.10224 0.03190
v 0.35916 0.66224 0.00000 0.06848 0.10224 0.03190
v 0.35495 0.65832 0.01770 0.06848 0.10224 0.03190
v 0.34393 0.64805 0.02864 0.06848 0.10224 0.03190
v 0.33031 0.63537 0.02864 0.06848 0.10224 0.03190
v 0.31929 0.62510 0.01770 0.06848 0.10224 0.03190
v 0.31508 0.62118 0.00000 0.06848 0.10224 0.03190
v 0.31929 0.62510 -0.01770 0.06848 0.10224 0.03190
v 0.33031 0.63537 -0.02864 0.06848 0.10224 0.03190
v 0.34393 0.64805 -0.02864 0.06848 0.10224 0.03190
v 0.35495 0.65832 -0.01770 0.06848 0.10224 0.03190
v 0.35916 0.66224 -0.00000 0.06848 0.10224 0.03190
v 0.35754 0.67071 0.00000 0.06848 0.10224 0.03190
v 0.35269 0.66619 0.02040 0.06848 0.10224 0.03190
v 0.33999 0.65436 0.03301 0.06848 0.10224 0.03190
v 0.32429 0.63974 0.03301 0.06848 0.10224 0.03190
v 0.31160 0.62792 0.02040 0.06848 0.10224 0.03190
v 0.30675 0.62340 0.00000 0.06848 0.10224 0.03190
v 0.31160 0.62792 -0.02040 0.06848 0.10224 0.03190
v 0.32429 0.63974 -0.03301 0.06848 0.10224 0.03190
v 0.33999 0.65436 -0.03301 0.06848 0.10224 0.03190
v 0.35269 0.66619 -0.02040 0.06848 0.10224 0.03190
v 0.35754 0.67071 -0.00000 0.06848 0.10224 0.03190
v 0.35407 0.67861 0.00000 0.06848 0.10224 0.03190
v 0.34882 0.67372 0.02207 0.06848 0.10224 0.03190
v 0.33508 0.66092 0.03572 0.06848 0.10224 0.03190
v 0.31810 0.64510 0.03572 0.06848 0.10224 0.03190
v 0.30436 0.63230 0.02207 0.06848 0.10224 0.03190
v 0.29911 0.62741 0.00000 0.06848 0.10224 0.03190
v 0.30436 0.63230 -0.02207 0.06848 0.10224 0.03190
v 0.31810 0.64510 -0.03572 0.06848 0.10224 0.03190
v 0.33508 0.66092 -0.03572 0.06848 0.10224 0.03190
v 0.34882 0.67372 -0.02207 0.06848 0.10224 0.03190
v 0.35407 0.67861 -0.00000 0.06848 0.10224 0.03190
v 0.34893 0.68554 0.00000 0.06848 0.10224 0.03190
v 0.34355 0.68053 0.02264 0.06848 0.10224 0.03190
v 0.32946 0.66740 0.03664 0.06848 0.10224 0.03190
v 0.31204 0.65117 0.03664 0.06848 0.10224 0.03190
v 0.29795 0.63804 0.02264 0.06848 0.10224 0.03190
v 0.29256 0.63303 0.00000 0.06848 0.10224 0.03190
v 0.29795 0.63804 -0.02264 0.06848 0.10224 0.03190
v 0.31204 0.65117 -0.03664 0.06848 0.10224 0.03190
v 0.32946 0.66740 -0.03664 0.06848 0.10224 0.03190
v 0.34355 0.68053 -0.02264 0.06848 0.10224 0.03190
v 0.34893 0.68554 -0.00000 0.06848 0.10224 0.03190
v 0.13887 0.91103 0.00000 0.06848 0.10224 0.03190
v 0.13349 0.90601 0.02264 0.06848 0.10224 0.03190
v 0.11940 0.89288 0.03664 0.06848 0.10224 0.03190
v 0.10198 0.87665 0.03664 0.06848 0.10224 0.03190
v 0.08789 0.86353 0.02264 0.06848 0.10224 0.03190
v 0.08250 0.85851 0.00000 0.06848 0.10224 0.03190
v 0.08789 0.86353 -0.02264 0.06848 0.10224 0.03190
v 0.10198 0.87665 -0.03664 0.06848 0.10224 0.03190
v 0.11940 0.89288 -0.03664 0.06848 0.10224 0.03190
v 0.13349 0.90601 -0.02264 0.06848 0.10224 0.03190
v 0.13887 0.91103 -0.00000 0.06848 0.10224 0.03190
v 0.13232 0.91664 0.00000 0.06848 0.10224 0.03190
v 0.12708 0.91175 0.02207 0.06848 0.10224 0.03190
v 0.11334 0.89895 0.03572 0.06848 0.10224 0.03190
v 0.09635 0.88313 0.03572 0.06848 0.10224 0.03190
v 0.08261 0.87033 0.02207 0.06848 0.10224 0.03190
v 0.07737 0.86544 0.00000 0.06848 0.10224 0.03190
v 0.08261 0.87033 -0.02207 0.06848 0.10224 0.03190
v 0.09635 0.88313 -0.03572 0.06848 0.10224 0.03190
v 0.11334 0.89895 -0.03572 0.06848 0.10224 0.03190
v 0.12708 0.91175 -0.02207 0.06848 0.10224 0.03190
v 0.13232 0.91664 -0.00000 0.06848 0.10224 0.03190
v 0.12469 0.92065 0.00000 0.06848 0.10224 0.03190
v 0.11984 0.91614 0.02040 0.06848 0.10224 0.03190
v 0.10714 0.90431 0.03301 0.06848 0.10224 0.03190
v 0.09145 0.88969 0.03301 0.06848 0.10224 0.03190
v 0.07875 0.87786 0.02040 0.06848 0.10224 0.03190
v 0.07390 0.87334 0.00000 0.06848 0.10224 0.03190
v 0.07875 0.87786 -0.02040 0.06848 0.10224 0.03190
v 0.09145 0.88969 -0.03301 0.06848 0.10224 0.03190
v 0.10714 0.90431 -0.03301 0.06848 0.10224 0.03190
v 0.11984 0.91614 -0.02040 0.06848 0.10224 0.03190
v 0.12469 0.92065 -0.00000 0.06848 0.10224 0.03190
v 0.11635 0.92287 0.00000 0.06848 0.10224 0.03190
v 0.11215 0.91895 0.01770 0.06848 0.10224 0.03190
v 0.10113 0.90869 0.02864 0.06848 0.10224 0.03190
v 0.08751 0.89600 0.02864 0.06848 0.10224 0.03190
v 0.07649 0.88573 0.01770 0.06848 0.10224 0.03190
v 0.07228 0.88181 0.00000 0.06848 0.10224 0.03190
v 0.07649 0.88573 -0.01770 0.06848 0.10224 0.03190
v 0.08751 0.89600 -0.02864 0.06848 0.10224 0.03190
v 0.10113 0.90869 -0.02864 0.06848 0.10224 0.03190
v 0.11215 0.91895 -0.01770 0.06848 0.10224 0.03190
v 0.11635 0.92287 -0.00000 0.06848 0.10224 0.03190
v 0.10773 0.92318 0.00000 0.06848 0.10224 0.03190
v 0.10438 0.92005 0.01412 0.06848 0.10224 0.03190
v 0.09559 0.91186 0.02284 0.06848 0.10224 0.03190
v 0.08473 0.90175 0.02284 0.06848 0.10224 0.03190
v 0.07594 0.89356 0.01412 0.06848 0.10224 0.03190
v 0.07259 0.89043 0.00000 0.06848 0.10224 0.03190
v 0.07594 0.89356 -0.01412 0.06848 0.10224 0.03190
v 0.08473 0.90175 -0.02284 0.06848 0.10224 0.03190
v 0.09559 0.91186 -0.02284 0.06848 0.10224 0.03190
v 0.10438 0.92005 -0.01412 0.06848 0.10224 0.03190
v 0.10773 0.92318 -0.00000 0.06848 0.10224 0.03190
v 0.09926 0.92156 0.00000 0.06848 0.10224 0.03190
v 0.09693 0.91938 0.00982 0.06848 0.10224 0.03190
v 0.09081 0.91368 0.01590 0.06848 0.10224 0.03190
v 0.08325 0.90664 0.01590 0.06848 0.10224 0.03190
v 0.07714 0.90095 0.00982 0.06848 0.10224 0.03190
v 0.07480 0.89877 0.00000 0.06848 0.10224 0.03190
v 0.07714 0.90095 -0.00982 0.06848 0.10224 0.03190
v 0.08325 0.90664 -0.01590 0.06848 0.10224 0.03190
v 0.09081 0.91368 -0.01590 0.06848 0.10224 0.03190
v 0.09693 0.91938 -0.00982 0.06848 0.10224 0.03190
v 0.09926 0.92156 -0.00000 0.06848 0.10224 0.03190
v 0.09136 0.91809 0.00000 0.06848 0.10224 0.03190
v 0.09016 0.91697 0.00504 0.06848 0.10224 0.03190
v 0.08703 0.91405 0.00815 0.06848 0.10224 0.03190
v 0.08315 0.91044 0.00815 0.06848 0.10224 0.03190
v 0.08002 0.90752 0.00504 0.06848 0.10224 0.03190
v 0.07882 0.90640 0.00000 0.06848 0.10224 0.03190
v 0.08002 0.90752 -0.00504 0.06848 0.10224 0.03190
v 0.08315 0.91044 -0.00815 0.06848 0.10224 0.03190
v 0.08703 0.91405 -0.00815 0.06848 0.10224 0.03190
v 0.09016 0.91697 -0.00504 0.06848 0.10224 0.03190
v 0.09136 0.91809 -0.00000 0.06848 0.10224 0.03190
v 0.08443 0.91295 0.00000 0.06848 0.10224 0.03190
v 0.08443 0.91295 0.00000 0.06848 0.10224 0.03190
v 0.08443 0.91295 0.00000 0.06848 0.10224 0.03190
v 0.08443 0.91295 0.00000 0.06848 0.10224 0.03190
v 0.08443 0.91295 0.00000 0.06848 0.10224 0.03190
v 0.08443 0.91295 0.00000 0.06848 0.10224 0.03190
v 0.08443 0.91295 -0.00000 0.06848 0.10224 0.03190
v 0.08443 0.91295 -0.00000 0.06848 0.10224 0.03190
v 0.08443 0.91295 -0.00000 0.06848 0.10224 0.03190
v 0.08443 0.91295 -0.00000 0.06848 0.10224 0.03190
v 0.08443 0.91295 -0.00000 0.06848 0.10224 0.03190
v -0.34701 0.63110 0.00000 0.06848 0.10224 0.03190
v -0.34701 0.63110 0.00000 0.06848 0.10224 0.03190
v -0.34701 0.63110 0.00000 0.06848 0.10224 0.03190
v -0.34701 0.63110 0.00000 0.06848 0.10224 0.03190
v -0.34701 0.63110 0.00000 0.06848 0.10224 0.03190
v -0.34701 0.63110 0.00000 0.06848 0.10224 0.03190
v -0.34701 0.63110 0.00000 0.06848 0.10224 0.03190
v -0.34701 0.63110 0.00000 0.06848 0.10224 0.03190
v -0.34701 0.63110 0.00000 0.06848 0.10224 0.03190
v -0.34701 0.63110 0.00000 0.06848 0.10224 0.03190
v -0.34701 0.63110 0.00000 0.06848 0.10224 0.03190
v -0.34008 0.62596 0.00000 0.06848 0.10224 0.03190
v -0.34127 0.62708 0.00504 0.06848 0.10224 0.03190
v -0.34441 0.63000 0.00815 0.06848 0.10224 0.03190
v -0.34829 0.63361 0.00815 0.06848 0.10224 0.03190
v -0.35142 0.63653 0.00504 0.06848 0.10224 0.03190
v -0.35262 0.63765 0.00000 0.06848 0.10224 0.03190
v -0.35142 0.63653 -0.00504 0.06848 0.10224 0.03190
v -0.34829 0.63361 -0.00815 0.06848 0.10224 0.03190
v -0.34441 0.63000 -0.00815 0.06848 0.10224 0.03190
v -0.34127 0.62708 -0.00504 0.06848 0.10224 0.03190
v -0.34008 0.62596 -0.00000 0.06848 0.10224 0.03190
v -0.33218 0.62250 0.00000 0.06848 0.10224 0.03190
v -0.33451 0.62467 0.00982 0.06848 0.10224 0.03190
v -0.34063 0.63037 0.01590 0.06848 0.10224 0.03190
v -0.34819 0.63741 0.01590 0.06848 0.10224 0.03190
v -0.35430 0.64311 0.00982 0.06848 0.10224 0.03190
v -0.35664 0.64528 0.00000 0.06848 0.10224 0.03190
v -0.35430 0.64311 -0.00982 0.06848 0.10224 0.03190
v -0.34819 0.63741 -0.01590 0.06848 0.10224 0.03190
v -0.34063 0.63037 -0.01590 0.06848 0.10224 0.03190
v -0.33451 0.62467 -0.00982 0.06848 0.10224 0.03190
v -0.33218 0.62250 -0.00000 0.06848 0.10224 0.03190
v -0.32370 0.62088 0.00000 0.06848 0.10224 0.03190
v -0.32706 0.62400 0.01412 0.06848 0.10224 0.03190
v -0.33585 0.63219 0.02284 0.06848 0.10224 0.03190
v -0.34671 0.64231 0.02284 0.06848 0.10224 0.03190
v -0.35550 0.65049 0.01412 0.06848 0.10224 0.03190
v -0.35885 0.65362 0.00000 0.06848 0.10224 0.03190
v -0.35550 0.65049 -0.01412 0.06848 0.10224 0.03190
v -0.34671 0.64231 -0.02284 0.06848 0.10224 0.03190
v -0.33585 0.63219 -0.02284 0.06848 0.10224 0.03190
v -0.32706 0.62400 -0.01412 0.06848 0.10224 0.03190
v -0.32370 0.62088 -0.00000 0.06848 0.10224 0.03190
v -0.31508 0.62118 0.00000 0.06848 0.10224 0.03190
v -0.31929 0.62510 0.01770 0.06848 0.10224 0.03190
v -0.33031 0.63537 0.02864 0.06848 0.10224 0.03190
v -0.34393 0.64805 0.02864 0.06848 0.10224 0.03190
v -0.35495 0.65832 0.01770 0.06848 0.10224 0.03190
v -0.35916 0.66224 0.00000 0.06848 0.10224 0.03190
v -0.35495 0.65832 -0.01770 0.06848 0.10224 0.03190
v -0.34393 0.64805 -0.02864 0.06848 0.10224 0.03190
v -0.33031 0.63537 -0.02864 0.06848 0.10224 0.03190
v -0.31929 0.62510 -0.01770 0.06848 0.10224 0.03190
v -0.31508 0.62118 -0.00000 0.06848 0.10224 0.03190
v -0.30675 0.62340 0.00000 0.06848 0.10224 0.03190
v -0.31160 0.62792 0.02040 0.06848 0.10224 0.03190
v -0.32429 0.63974 0.03301 0.06848 0.10224 0.03190
v -0.33999 0.65436 0.03301 0.06848 0.10224 0.03190
v -0.35269 0.66619 0.02040 0.06848 0.10224 0.03190
v -0.35754 0.67071 0.00000 0.06848 0.10224 0.03190
v -0.35269 0.66619 -0.02040 0.06848 0.10224 0.03190
v -0.33999 0.65436 -0.03301 0.06848 0.10224 0.03190
v -0.32429 0.63974 -0.03301 0.06848 0.10224 0.03190
v -0.31160 0.62792 -0.02040 0.06848 0.10224 0.03190
v -0.30675 0.62340 -0.00000 0.06848 0.10224 0.03190
v -0.29911 0.62741 0.00000 0.06848 0.10224 0.03190
v -0.30436 0.63230 0.02207 0.06848 0.10224 0.03190
v -0.31810 0.64510 0.03572 0.06848 0.10224 0.03190
v -0.33508 0.66092 0.03572 0.06848 0.10224 0.03190
v -0.34882 0.67372 0.02207 0.06848 0.10224 0.03190
v -0.35407 0.67861 0.00000 0.06848 0.10224 0.03190
v -0.34882 0.67372 -0.02207 0.06848 0.10224 0.03190
v -0.33508 0.66092 -0.03572 0.06848 0.10224 0.03190
v -0.31810 0.64510 -0.03572 0.06848 0.10224 0.03190
v -0.30436 0.63230 -0.02207 0.06848 0.10224 0.03190
v -0.29911 0.62741 -0.00000 0.06848 0.10224 0.03190
v -0.29256 0.63303 0.00000 0.06848 0.10224 0.03190
v -0.29795 0.63804 0.02264 0.06848 0.10224 0.03190
v -0.31204 0.65117 0.03664 0.06848 0.10224 0.03190
v -0.32946 0.66740 0.03664 0.06848 0.10224 0.03190
v -0.34355 0.68053 0.02264 0.06848 0.10224 0.03190
v -0.34893 0.68554 0.00000 0.06848 0.10224 0.03190
v -0.34355 0.68053 -0.02264 0.06848 0.10224 0.03190
v -0.32946 0.66740 -0.03664 0.06848 0.10224 0.03190
v -0.31204 0.65117 -0.03664 0.06848 0.10224 0.03190
v -0.29795 0.63804 -0.02264 0.06848 0.10224 0.03190
v -0.29256 0.63303 -0.00000 0.06848 0.10224 0.03190
v -0.08250 0.85851 0.00000 0.06848 0.10224 0.03190
v -0.08789 0.86353 0.02264 0.06848 0.10224 0.03190
v -0.10198 0.87665 0.03664 0.06848 0.10224 0.03190
v -0.11940 0.89288 0.03664 0.06848 0.10224 0.03190
v -0.13349 0.90601 0.02264 0.06848 0.10224 0.03190
v -0.13887 0.91103 0.00000 0.06848 0.10224 0.03190
v -0.13349 0.90601 -0.02264 0.06848 0.10224 0.03190
v -0.11940 0.89288 -0.03664 0.06848 0.10224 0.03190
v -0.10198 0.87665 -0.03664 0.06848 0.10224 0.03190
v -0.08789 0.86353 -0.02264 0.06848 0.10224 0.03190
v -0.08250 0.85851 -0.00000 0.06848 0.10224 0.03190
v -0.07737 0.86544 0.00000 0.06848 0.10224 0.03190
v -0.08261 0.87033 0.02207 0.06848 0.10224 0.03190
v -0.09635 0.88313 0.03572 0.06848 0.10224 0.03190
v -0.11334 0.89895 0.03572 0.06848 0.10224 0.03190
v -0.12708 0.91175 0.02207 0.06848 0.10224 0.03190
v -0.13232 0.91664 0.00000 0.06848 0.10224 0.03190
v -0.12708 0.91175 -0.02207 0.06848 0.10224 0.03190
v -0.11334 0.89895 -0.03572 0.06848 0.10224 0.03190
v -0.09635 0.88313 -0.03572 0.06848 0.10224 0.03190
v -0.08261 0.87033 -0.02207 0.06848 0.10224 0.03190
v -0.07737 0.86544 -0.00000 0.06848 0.10224 0.03190
v -0.07390 0.87334 0.00000 0.06848 0.10224 0.03190
v -0.07875 0.87786 0.02040 0.06848 0.10224 0.03190
v -0.09145 0.88969 0.03301 0.06848 0.10224 0.03190
v -0.10714 0.90431 0.03301 0.06848 0.10224 0.03190
v -0.11984 0.91614 0.02040 0.06848 0.10224 0.03190
v -0.12469 0.92065 0.00000 0.06848 0.10224 0.03190
v -0.11984 0.91614 -0.02040 0.06848 0.10224 0.03190
v -0.10714 0.90431 -0.03301 0.06848 0.10224 0.03190
v -0.09145 0.88969 -0.03301 0.06848 0.10224 0.03190
v -0.07875 0.87786 -0.02040 0.06848 0.10224 0.03190
v -0.07390 0.87334 -0.00000 0.06848 0.10224 0.03190
v -0.07228 0.88181 0.00000 0.06848 0.10224 0.03190
v -0.07649 0.88573 0.01770 0.06848 0.10224 0.03190
v -0.08751 0.89600 0.02864 0.06848 0.10224 0.03190
v -0.10113 0.90869 0.02864 0.06848 0.10224 0.03190
v -0.11215 0.91895 0.01770 0.06848 0.10224 0.03190
v -0.11635 0.92287 0.00000 0.06848 0.10224 0.03190
v -0.11215 0.91895 -0.01770 0.06848 0.10224 0.03190
v -0.10113 0.90869 -0.02864 0.06848 0.10224 0.03190
v -0.08751 0.89600 -0.02864 0.06848 0.10224 0.03190
v -0.07649 0.88573 -0.01770 0.06848 0.10224 0.03190
v -0.07228 0.88181 -0.00000 0.06848 0.10224 0.03190
v -0.07259 0.89043 0.00000 0.06848 0.10224 0.03190
v -0.07594 0.89356 0.01412 0.06848 0.10224 0.03190
v -0.08473 0.90175 0.02284 0.06848 0.10224 0.03190
v -0.09559 0.91186 0.02284 0.06848 0.10224 0.03190
v -0.10438 0.92005 0.01412 0.06848 0.10224 0.03190
v -0.10773 0.92318 0.00000 0.06848 0.10224 0.03190
v -0.10438 0.92005 -0.01412 0.06848 0.10224 0.03190
v -0.09559 0.91186 -0.02284 0.06848 0.10224 0.03190
v -0.08473 0.90175 -0.02284 0.06848 0.10224 0.03190
v -0.07594 0.89356 -0.01412 0.06848 0.10224 0.03190
v -0.07259 0.89043 -0.00000 0.06848 0.10224 0.03190
v -0.07480 0.89877 0.00000 0.06848 0.10224 0.03190
v -0.07714 0.90095 0.00982 0.06848 0.10224 0.03190
v -0.08325 0.90664 0.01590 0.06848 0.10224 0.03190
v -0.09081 0.91368 0.01590 0.06848 0.10224 0.03190
v -0.09693 0.91938 0.00982 0.06848 0.10224 0.03190
v -0.09926 0.92156 0.00000 0.06848 0.10224 0.03190
v -0.09693 0.91938 -0.00982 0.06848 0.10224 0.03190
v -0.09081 0.91368 -0.01590 0.06848 0.10224 0.03190
v -0.08325 0.90664 -0.01590 0.06848 0.10224 0.03190
v -0.07714 0.90095 -0.00982 0.06848 0.10224 0.03190
v -0.07480 0.89877 -0.00000 0.06848 0.10224 0.03190
v -0.07882 0.90640 0.00000 0.06848 0.10224 0.03190
v -0.08002 0.90752 0.00504 0.06848 0.10224 0.03190
v -0.08315 0.91044 0.00815 0.06848 0.10224 0.03190
v -0.08703 0.91405 0.00815 0.06848 0.10224 0.03190
v -0.09016 0.91697 0.00504 0.06848 0.10224 0.03190
v -0.09136 0.91809 0.00000 0.06848 0.10224 0.03190
v -0.09016 0.91697 -0.00504 0.06848 0.10224 0.03190
v -0.08703 0.91405 -0.00815 0.06848 0.10224 0.03190
v -0.08315 0.91044 -0.00815 0.06848 0.10224 0.03190
v -0.08002 0.90752 -0.00504 0.06848 0.10224 0.03190
v -0.07882 0.90640 -0.00000 0.06848 0.10224 0.03190
v -0.08443 0.91295 0.00000 0.06848 0.10224 0.03190
v -0.08443 0.91295 0.00000 0.06848 0.10224 0.03190
v -0.08443 0.91295 0.00000 0.06848 0.10224 0.03190
v -0.08443 0.91295 0.00000 0.06848 0.10224 0.03190
v -0.08443 0.91295 0.00000 0.06848 0.10224 0.03190
v -0.08443 0.91295 0.00000 0.06848 0.10224 0.03190
v -0.08443 0.91295 -0.00000 0.06848 0.10224 0.03190
v -0.08443 0.91295 -0.00000 0.06848 0.10224 0.03190
v -0.08443 0.91295 -0.00000 0.06848 0.10224 0.03190
v -0.08443 0.91295 -0.00000 0.06848 0.10224 0.03190
v -0.08443 0.91295 -0.00000 0.06848 0.10224 0.03190
f 1 2 12
f 12 2 13
f 2 3 13
f 13 3 14
f 3 4 14
f 14 4 15
f 4 5 15
f 15 5 16
f 5 6 16
f 16 6 17
f 6 7 17
f 17 7 18
f 7 8 18
f 18 8 19
f 8 9 19
f 19 9 20
f 9 10 20
f 20 10 21
f 10 11 21
f 21 11 22
f 33 23 34
f 34 24 35
f 35 25 36
f 36 26 37
f 37 27 38
f 38 28 39
f 39 29 40
f 40 30 41
f 41 31 42
f 42 32 43
f 55 44 54
f 56 45 55
f 57 46 56
f 58 47 57
f 59 48 58
f 60 49 59
f 61 50 60
f 62 51 61
f 63 52 62
f 64 53 63
f 65 76 66
f 66 76 77
f 66 77 67
f 67 77 78
f 67 78 68
f 68 78 79
f 68 79 69
f 69 79 80
f 69 80 70
f 70 80 81
f 70 81 71
f 71 81 82
f 71 82 72
f 72 82 83
f 72 83 73
f 73 83 84
f 73 84 74
f 74 84 85
f 74 85 75
f 75 85 86
f 76 87 77
f 77 87 88
f 77 88 78
f 78 88 89
f 78 89 79
f 79 89 90
f 79 90 80
f 80 90 91
f 80 91 81
f 81 91 92
f 81 92 82
f 82 92 93
f 82 93 83
f 83 93 94
f 83 94 84
f 84 94 95
f 84 95 85
f 85 95 96
f 85 96 86
f 86 96 97
f 87 98 88
f 88 98 99
f 88 99 89
f 89 99 100
f 89 100 90
f 90 100 101
f 90 101 91
f 91 101 102
f 91 102 92
f 92 102 103
f 92 103 93
f 93 103 104
f 93 104 94
f 94 104 105
f 94 105 95
f 95 105 106
f 95 106 96
f 96 106 107
f 96 107 97
f 97 107 108
f 98 109 99
f 99 109 110
f 99 110 100
f 100 110 111
f 100 111 101
f 101 111 112
f 101 112 102
f 102 112 113
f 102 113 103
f 103 113 114
f 103 114 104
f 104 114 115
f 104 115 105
f 105 115 116
f 105 116 106
f 106 116 117
f 106 117 107
f 107 117 118
f 107 118 108
f 108 118 119
f 109 120 110
f 110 120 121
f 110 121 111
f 111 121 122
f 111 122 112
f 112 122 123
f 112 123 113
f 113 123 124
f 113 124 114
f 114 124 125
f 114 125 115
f 115 125 126
f 115 126 116
f 116 126 127
f 116 127 117
f 117 127 128
f 117 128 118
f 118 128 129
f 118 129 119
f 119 129 130
f 120 131 121
f 121 131 132
f 121 132 122
f 122 132 133
f 122 133 123
f 123 133 134
f 123 134 124
f 124 134 135
f 124 135 125
f 125 135 136
f 125 136 126
f 126 136 137
f 126 137 127
f 127 137 138
f 127 138 128
f 128 138 139
f 128 139 129
f 129 139 140
f 129 140 130
f 130 140 141
f 131 142 132
f 132 142 143
f 132 143 133
f 133 143 144
f 133 144 134
f 134 144 145
f 134 145 135
f 135 145 146
f 135 146 136
f 136 146 147
f 136 147 137
f 137 147 148
f 137 148 138
f 138 148 149
f 138 149 139
f 139 149 150
f 139 150 140
f 140 150 151
f 140 151 141
f 141 151 152
f 142 153 143
f 143 153 154
f 143 154 144
f 144 154 155
f 144 155 145
f 145 155 156
f 145 156 146
f 146 156 157
f 146 157 147
f 147 157 158
f 147 158 148
f 148 158 159
f 148 159 149
f 149 159 160
f 149 160 150
f 150 160 161
f 150 161 151
f 151 161 162
f 151 162 152
f 152 162 163
f 153 164 154
f 154 164 165
f 154 165 155
f 155 165 166
f 155 166 156
f 156 166 167
f 156 167 157
f 157 167 168
f 157 168 158
f 158 168 169
f 158 169 159
f 159 169 170
f 159 170 160
f 160 170 171
f 160 171 161
f 161 171 172
f 161 172 162
f 162 172 173
f 162 173 163
f 163 173 174
f 164 175 165
f 165 175 176
f 165 176 166
f 166 176 177
f 166 177 167
f 167 177 178
f 167 178 168
f 168 178 179
f 168 179 169
f 169 179 180
f 169 180 170
f 170 180 181
f 170 181 171
f 171 181 182
f 171 182 172
f 172 182 183
f 172 183 173
f 173 183 184
f 173 184 174
f 174 184 185
f 175 186 176
f 176 186 187
f 176 187 177
f 177 187 188
f 177 188 178
f 178 188 189
f 178 189 179
f 179 189 190
f 179 190 180
f 180 190 191
f 180 191 181
f 181 191 192
f 181 192 182
f 182 192 193
f 182 193 183
f 183 193 194
f 183 194 184
f 184 194 195
f 184 195 185
f 185 195 196
f 186 197 187
f 187 197 198
f 187 198 188
f 188 198 199
f 188 199 189
f 189 199 200
f 189 200 190
f 190 200 201
f 190 201 191
f 191 201 202
f 191 202 192
f 192 202 203
f 192 203 193
f 193 203 204
f 193 204 194
f 194 204 205
f 194 205 195
f 195 205 206
f 195 206 196
f 196 206 207
f 197 208 198
f 198 208 209
f 198 209 199
f 199 209 210
f 199 210 200
f 200 210 211
f 200 211 201
f 201 211 212
f 201 212 202
f 202 212 213
f 202 213 203
f 203 213 214
f 203 214 204
f 204 214 215
f 204 215 205
f 205 215 216
f 205 216 206
f 206 216 217
f 206 217 207
f 207 217 218
f 208 219 209
f 209 219 220
f 209 220 210
f 210 220 221
f 210 221 211
f 211 221 222
f 211 222 212
f 212 222 223
f 212 223 213
f 213 223 224
f 213 224 214
f 214 224 225
f 214 225 215
f 215 225 226
f 215 226 216
f 216 226 227
f 216 227 217
f 217 227 228
f 217 228 218
f 218 228 229
f 219 230 220
f 220 230 231
f 220 231 221
f 221 231 232
f 221 232 222
f 222 232 233
f 222 233 223
f 223 233 234
f 223 234 224
f 224 234 235
f 224 235 225
f 225 235 236
f 225 236 226
f 226 236 237
f 226 237 227
f 227 237 238
f 227 238 228
f 228 238 239
f 228 239 229
f 229 239 240
f 241 252 242
f 242 252 253
f 242 253 243
f 243 253 254
f 243 254 244
f 244 254 255
f 244 255 245
f 245 255 256
f 245 256 246
f 246 256 257
f 246 257 247
f 247 257 258
f 247 258 248
f 248 258 259
f 248 259 249
f 249 259 260
f 249 260 250
f 250 260 261
f 250 261 251
f 251 261 262
f 252 263 253
f 253 263 264
f 253 264 254
f 254 264 265
f 254 265 255
f 255 265 266
f 255 266 256
f 256 266 267
f 256 267 257
f 257 267 268
f 257 268 258
f 258 268 269
f 258 269 259
f 259 269 270
f 259 270 260
f 260 270 271
f 260 271 261
f 261 271 272
f 261 272 262
f 262 272 273
f 263 274 264
f 264 274 275
f 264 275 265
f 265 275 276
f 265 276 266
f 266 276 277
f 266 277 267
f 267 277 278
f 267 278 268
f 268 278 279
f 268 279 269
f 269 279 280
f 269 280 270
f 270 280 281
f 270 281 271
f 271 281 282
f 271 282 272
f 272 282 283
f 272 283 273
f 273 283 284
f 274 285 275
f 275 285 286
f 275 286 276
f 276 286 287
f 276 287 277
f 277 287 288
f 277 288 278
f 278 288 289
f 278 289 279
f 279 289 290
f 279 290 280
f 280 290 291
f 280 291 281
f 281 291 292
f 281 292 282
f 282 292 293
f 282 293 283
f 283 293 294
f 283 294 284
f 284 294 295
f 285 296 286
f 286 296 297
f 286 297 287
f 287 297 298
f 287 298 288
f 288 298 299
f 288 299 289
f 289 299 300
f 289 300 290
f 290 300 301
f 290 301 291
f 291 301 302
f 291 302 292
f 292 302 303
f 292 303 293
f 293 303 304
f 293 304 294
f 294 304 305
f 294 305 295
f 295 305 306
f 296 307 297
f 297 307 308
f 297 308 298
f 298 308 309
f 298 309 299
f 299 309 310
f 299 310 300
f 300 310 311
f 300 311 301
f 301 311 312
f 301 312 302
f 302 312 313
f 302 313 303
f 303 313 314
f 303 314 304
f 304 314 315
f 304 315 305
f 305 315 316
f 305 316 306
f 306 316 317
f 307 318 308
f 308 318 319
f 308 319 309
f 309 319 320
f 309 320 310
f 310 320 321
f 310 321 311
f 311 321 322
f 311 322 312
f 312 322 323
f 312 323 313
f 313 323 324
f 313 324 314
f 314 324 325
f 314 325 315
f 315 325 326
f 315 326 316
f 316 326 327
f 316 327 317
f 317 327 328
f 318 329 319
f 319 329 330
f 319 330 320
f 320 330 331
f 320 331 321
f 321 331 332
f 321 332 322
f 322 332 333
f 322 333 323
f 323 333 334
f 323 334 324
f 324 334 335
f 324 335 325
f 325 335 336
f 325 336 326
f 326 336 337
f 326 337 327
f 327 337 338
f 327 338 328
f 328 338 339
f 329 340 330
f 330 340 341
f 330 341 331
f 331 341 342
f 331 342 332
f 332 342 343
f 332 343 333
f 333 343 344
f 333 344 334
f 334 344 345
f 334 345 335
f 335 345 346
f 335 346 336
f 336 346 347
f 336 347 337
f 337 347 348
f 337 348 338
f 338 348 349
f 338 349 339
f 339 349 350
f 340 351 341
f 341 351 352
f 341 352 342
f 342 352 353
f 342 353 343
f 343 353 354
f 343 354 344
f 344 354 355
f 344 355 345
f 345 355 356
f 345 356 346
f 346 356 357
f 346 357 347
f 347 357 358
f 347 358 348
f 348 358 359
f 348 359 349
f 349 359 360
f 349 360 350
f 350 360 361
f 351 362 352
f 352 362 363
f 352 363 353
f 353 363 364
f 353 364 354
f 354 364 365
f 354 365 355
f 355 365 366
f 355 366 356
f 356 366 367
f 356 367 357
f 357 367 368
f 357 368 358
f 358 368 369
f 358 369 359
f 359 369 370
f 359 370 360
f 360 370 371
f 360 371 361
f 361 371 372
f 362 373 363
f 363 373 374
f 363 374 364
f 364 374 375
f 364 375 365
f 365 375 376
f 365 376 366
f 366 376 377
f 366 377 367
f 367 377 378
f 367 378 368
f 368 378 379
f 368 379 369
f 369 379 380
f 369 380 370
f 370 380 381
f 370 381 371
f 371 381 382
f 371 382 372
f 372 382 383
f 373 384 374
f 374 384 385
f 374 385 375
f 375 385 386
f 375 386 376
f 376 386 387
f 376 387 377
f 377 387 388
f 377 388 378
f 378 388 389
f 378 389 379
f 379 389 390
f 379 390 380
f 380 390 391
f 380 391 381
f 381 391 392
f 381 392 382
f 382 392 393
f 382 393 383
f 383 393 394
f 384 395 385
f 385 395 396
f 385 396 386
f 386 396 397
f 386 397 387
f 387 397 398
f 387 398 388
f 388 398 399
f 388 399 389
f 389 399 400
f 389 400 390
f 390 400 401
f 390 401 391
f 391 401 402
f 391 402 392
f 392 402 403
f 392 403 393
f 393 403 404
f 393 404 394
f 394 404 405
f 395 406 396
f 396 406 407
f 396 407 397
f 397 407 408
f 397 408 398
f 398 408 409
f 398 409 399
f 399 409 410
f 399 410 400
f 400 410 411
f 400 411 401
f 401 411 412
f 401 412 402
f 402 412 413
f 402 413 403
f 403 413 414
f 403 414 404
f 404 414 415
f 404 415 405
f 405 415 416
v 0.00000 0.84136 0.00000 0.04231 0.02315 0.00913
v 0.00000 0.84136 0.00000 0.04231 0.02315 0.00913
v 0.00000 0.84136 0.00000 0.04231 0.02315 0.00913
v 0.00000 0.84136 0.00000 0.04231 0.02315 0.00913
v 0.00000 0.84136 0.00000 0.04231 0.02315 0.00913
v 0.00000 0.84136 0.00000 0.04231 0.02315 0.00913
v 0.00000 0.84136 0.00000 0.04231 0.02315 0.00913
v 0.00000 0.84136 0.00000 0.04231 0.02315 0.00913
v 0.00000 0.84136 0.00000 0.04231 0.02315 0.00913
v 0.00000 0.84136 0.00000 0.04231 0.02315 0.00913
v 0.00000 0.84136 0.00000 0.04231 0.02315 0.00913
v 0.03689 0.83486 0.00000 0.04231 0.02315 0.00913
v 0.02984 0.83486 0.02168 0.04231 0.02315 0.00913
v 0.01140 0.83486 0.03508 0.04231 0.02315 0.00913
v -0.01140 0.83486 0.03508 0.04231 0.02315 0.00913
v -0.02984 0.83486 0.02168 0.04231 0.02315 0.00913
v -0.03689 0.83486 0.00000 0.04231 0.02315 0.00913
v -0.02984 0.83486 -0.02168 0.04231 0.02315 0.00913
v -0.01140 0.83486 -0.03508 0.04231 0.02315 0.00913
v 0.01140 0.83486 -0.03508 0.04231 0.02315 0.00913
v 0.02984 0.83486 -0.02168 0.04231 0.02315 0.00913
v 0.03689 0.83486 -0.00000 0.04231 0.02315 0.00913
v 0.06933 0.81613 0.00000 0.04231 0.02315 0.00913
v 0.05609 0.81613 0.04075 0.04231 0.02315 0.00913
v 0.02142 0.81613 0.06594 0.04231 0.02315 0.00913
v -0.02142 0.81613 0.06594 0.04231 0.02315 0.00913
v -0.05609 0.81613 0.04075 0.04231 0.02315 0.00913
v -0.06933 0.81613 0.00000 0.04231 0.02315 0.00913
v -0.05609 0.81613 -0.04075 0.04231 0.02315 0.00913
v -0.02142 0.81613 -0.06594 0.04231 0.02315 0.00913
v 0.02142 0.81613 -0.06594 0.04231 0.02315 0.00913
v 0.05609 0.81613 -0.04075 0.04231 0.02315 0.00913
v 0.06933 0.81613 -0.00000 0.04231 0.02315 0.00913
v 0.09341 0.78743 0.00000 0.04231 0.02315 0.00913
v 0.07557 0.78743 0.05490 0.04231 0.02315 0.00913
v 0.02886 0.78743 0.08884 0.04231 0.02315 0.00913
v -0.02886 0.78743 0.08884 0.04231 0.02315 0.00913
v -0.07557 0.78743 0.05490 0.04231 0.02315 0.00913
v -0.09341 0.78743 0.00000 0.04231 0.02315 0.00913
v -0.07557 0.78743 -0.05490 0.04231 0.02315 0.00913
v -0.02886 0.78743 -0.08884 0.04231 0.02315 0.00913
v 0.02886 0.78743 -0.08884 0.04231 0.02315 0.00913
v 0.07557 0.78743 -0.05490 0.04231 0.02315 0.00913
v 0.09341 0.78743 -0.00000 0.04231 0.02315 0.00913
v 0.10622 0.75223 0.00000 0.04231 0.02315 0.00913
v 0.08593 0.75223 0.06244 0.04231 0.02315 0.00913
v 0.03282 0.75223 0.10102 0.04231 0.02315 0.00913
v -0.03282 0.75223 0.10102 0.04231 0.02315 0.00913
v -0.08593 0.75223 0.06244 0.04231 0.02315 0.00913
v -0.10622 0.75223 0.00000 0.04231 0.02315 0.00913
v -0.08593 0.75223 -0.06244 0.04231 0.02315 0.00913
v -0.03282 0.75223 -0.10102 0.04231 0.02315 0.00913
v 0.03282 0.75223 -0.10102 0.04231 0.02315 0.00913
v 0.08593 0.75223 -0.06244 0.04231 0.02315 0.00913
v 0.10622 0.75223 -0.00000 0.04231 0.02315 0.00913
v 0.10622 0.71478 0.00000 0.04231 0.02315 0.00913
v 0.08593 0.71478 0.06244 0.04231 0.02315 0.00913
v 0.03282 0.71478 0.10102 0.04231 0.02315 0.00913
v -0.03282 0.71478 0.10102 0.04231 0.02315 0.00913
v -0.08593 0.71478 0.06244 0.04231 0.02315 0.00913
v -0.10622 0.71478 0.00000 0.04231 0.02315 0.00913
v -0.08593 0.71478 -0.06244 0.04231 0.02315 0.00913
v -0.03282 0.71478 -0.10102 0.04231 0.02315 0.00913
v 0.03282 0.71478 -0.10102 0.04231 0.02315 0.00913
v 0.08593 0.71478 -0.06244 0.04231 0.02315 0.00913
v 0.10622 0.71478 -0.00000 0.04231 0.02315 0.00913
v 0.09341 0.67958 0.00000 0.04231 0.02315 0.00913
v 0.07557 0.67958 0.05490 0.04231 0.02315 0.00913
v 0.02886 0.67958 0.08884 0.04231 0.02315 0.00913
v -0.02886 0.67958 0.08884 0.04231 0.02315 0.00913
v -0.07557 0.67958 0.05490 0.04231 0.02315 0.00913
v -0.09341 0.67958 0.00000 0.04231 0.02315 0.00913
v -0.07557 0.67958 -0.05490 0.04231 0.02315 0.00913
v -0.02886 0.67958 -0.08884 0.04231 0.02315 0.00913
v 0.02886 0.67958 -0.08884 0.04231 0.02315 0.00913
v 0.07557 0.67958 -0.05490 0.04231 0.02315 0.00913
v 0.09341 0.67958 -0.00000 0.04231 0.02315 0.00913
v 0.06933 0.65088 0.00000 0.04231 0.02315 0.00913
v 0.05609 0.65088 0.04075 0.04231 0.02315 0.00913
v 0.02142 0.65088 0.06594 0.04231 0.02315 0.00913
v -0.02142 0.65088 0.06594 0.04231 0.02315 0.00913
v -0.05609 0.65088 0.04075 0.04231 0.02315 0.00913
v -0.06933 0.65088 0.00000 0.04231 0.02315 0.00913
v -0.05609 0.65088 -0.04075 0.04231 0.02315 0.00913
v -0.02142 0.65088 -0.06594 0.04231 0.02315 0.00913
v 0.02142 0.65088 -0.06594 0.04231 0.02315 0.00913
v 0.05609 0.65088 -0.04075 0.04231 0.02315 0.00913
v 0.06933 0.65088 -0.00000 0.04231 0.02315 0.00913
v 0.03689 0.63215 0.00000 0.04231 0.02315 0.00913
v 0.02984 0.63215 0.02168 0.04231 0.02315 0.00913
v 0.01140 0.63215 0.03508 0.04231 0.02315 0.00913
v -0.01140 0.63215 0.03508 0.04231 0.02315 0.00913
v -0.02984 0.63215 0.02168 0.04231 0.02315 0.00913
v -0.03689 0.63215 0.00000 0.04231 0.02315 0.00913
v -0.02984 0.63215 -0.02168 0.04231 0.02315 0.00913
v -0.01140 0.63215 -0.03508 0.04231 0.02315 0.00913
v 0.01140 0.63215 -0.03508 0.04231 0.02315 0.00913
v 0.02984 0.63215 -0.02168 0.04231 0.02315 0.00913
v 0.03689 0.63215 -0.00000 0.04231 0.02315 0.00913
v 0.00000 0.62565 0.00000 0.04231 0.02315 0.00913
v 0.00000 0.62565 0.00000 0.04231 0.02315 0.00913
v 0.00000 0.62565 0.00000 0.04231 0.02315 0.00913
v 0.00000 0.62565 0.00000 0.04231 0.02315 0.00913
v 0.00000 0.62565 0.00000 0.04231 0.02315 0.00913
v 0.00000 0.62565 0.00000 0.04231 0.02315 0.00913
v 0.00000 0.62565 0.00000 0.04231 0.02315 0.00913
v 0.00000 0.62565 0.00000 0.04231 0.02315 0.00913
v 0.00000 0.62565 0.00000 0.04231 0.02315 0.00913
v 0.00000 0.62565 0.00000 0.04231 0.02315 0.00913
v 0.00000 0.62565 0.00000 0.04231 0.02315 0.00913
f 417 429 428
f 418 430 429
f 419 431 430
f 420 432 431
f 421 433 432
f 422 434 433
f 423 435 434
f 424 436 435
f 425 437 436
f 426 438 437
f 429 440 428
f 428 440 439
f 430 441 429
f 429 441 440
f 431 442 430
f 430 442 441
f 432 443 431
f 431 443 442
f 433 444 432
f 432 444 443
f 434 445 433
f 433 445 444
f 435 446 434
f 434 446 445
f 436 447 435
f 435 447 446
f 437 448 436
f 436 448 447
f 438 449 437
f 437 449 448
f 440 451 439
f 439 451 450
f 441 452 440
f 440 452 451
f 442 453 441
f 441 453 452
f 443 454 442
f 442 454 453
f 444 455 443
f 443 455 454
f 445 456 444
f 444 456 455
f 446 457 445
f 445 457 456
f 447 458 446
f 446 458 457
f 448 459 447
f 447 459 458
f 449 460 448
f 448 460 459
f 451 462 450
f 450 462 461
f 452 463 451
f 451 463 462
f 453 464 452
f 452 464 463
f 454 465 453
f 453 465 464
f 455 466 454
f 454 466 465
f 456 467 455
f 455 467 466
f 457 468 456
f 456 468 467
f 458 469 457
f 457 469 468
f 459 470 458
f 458 470 469
f 460 471 459
f 459 471 470
f 462 473 461
f 461 473 472
f 463 474 462
f 462 474 473
f 464 475 463
f 463 475 474
f 465 476 464
f 464 476 475
f 466 477 465
f 465 477 476
f 467 478 466
f 466 478 477
f 468 479 467
f 467 479 478
f 469 480 468
f 468 480 479
f 470 481 469
f 469 481 480
f 471 482 470
f 470 482 481
f 473 484 472
f 472 484 483
f 474 485 473
f 473 485 484
f 475 486 474
f 474 486 485
f 476 487 475
f 475 487 486
f 477 488 476
f 476 488 487
f 478 489 477
f 477 489 488
f 479 490 478
f 478 490 489
f 480 491 479
f 479 491 490
f 481 492 480
f 480 492 491
f 482 493 481
f 481 493 492
f 484 495 483
f 483 495 494
f 485 496 484
f 484 496 495
f 486 497 485
f 485 497 496
f 487 498 486
f 486 498 497
f 488 499 487
f 487 499 498
f 489 500 488
f 488 500 499
f 490 501 489
f 489 501 500
f 491 502 490
f 490 502 501
f 492 503 491
f 491 503 502
f 493 504 492
f 492 504 503
f 495 506 494
f 494 506 505
f 496 507 495
f 495 507 506
f 497 508 496
f 496 508 507
f 498 509 497
f 497 509 508
f 499 510 498
f 498 510 509
f 500 511 499
f 499 511 510
f 501 512 500
f 500 512 511
f 502 513 501
f 501 513 512
f 503 514 502
f 502 514 513
f 504 515 503
f 503 515 514
f 506 517 505
f 507 518 506
f 508 519 507
f 509 520 508
f 510 521 509
f 511 522 510
f 512 523 511
f 513 524 512
f 514 525 513
f 515 526 514
v 0.24931 1.23428 0.09523 0.16439 0.67479 0.10687
v 0.09523 1.32951 0.15409 0.16439 0.67479 0.10687
v 0.16201 1.34234 0.00000 0.16439 0.67479 0.10687
v 0.24931 1.23428 0.09523 0.16439 0.67479 0.10687
v 0.15409 1.17543 0.24931 0.16439 0.67479 0.10687
v 0.09523 1.32951 0.15409 0.16439 0.67479 0.10687
v 0.26215 1.08020 0.16201 0.16439 0.67479 0.10687
v 0.15409 1.17543 0.24931 0.16439 0.67479 0.10687
v 0.24931 1.23428 0.09523 0.16439 0.67479 0.10687
v 0.15409 1.17543 0.24931 0.16439 0.67479 0.10687
v 0.00000 1.24221 0.26215 0.16439 0.67479 0.10687
v 0.09523 1.32951 0.15409 0.16439 0.67479 0.10687
v 0.09523 1.32951 0.15409 0.16439 0.67479 0.10687
v 0.00000 1.38837 0.00000 0.16439 0.67479 0.10687
v 0.16201 1.34234 0.00000 0.16439 0.67479 0.10687
v 0.09523 1.32951 0.15409 0.16439 0.67479 0.10687
v -0.09523 1.32951 0.15409 0.16439 0.67479 0.10687
v 0.00000 1.38837 0.00000 0.16439 0.67479 0.10687
v 0.00000 1.24221 0.26215 0.16439 0.67479 0.10687
v -0.09523 1.32951 0.15409 0.16439 0.67479 0.10687
v 0.09523 1.32951 0.15409 0.16439 0.67479 0.10687
v -0.09523 1.32951 0.15409 0.16439 0.67479 0.10687
v -0.16201 1.34234 0.00000 0.16439 0.67479 0.10687
v 0.00000 1.38837 0.00000 0.16439 0.67479 0.10687
v 0.00000 1.38837 0.00000 0.16439 0.67479 0.10687
v 0.09523 1.32951 -0.15409 0.16439 0.67479 0.10687
v 0.16201 1.34234 0.00000 0.16439 0.67479 0.10687
v 0.00000 1.38837 0.00000 0.16439 0.67479 0.10687
v -0.09523 1.32951 -0.15409 0.16439 0.67479 0.10687
v 0.09523 1.32951 -0.15409 0.16439 0.67479 0.10687
v -0.16201 1.34234 0.00000 0.16439 0.67479 0.10687
v -0.09523 1.32951 -0.15409 0.16439 0.67479 0.10687
v 0.00000 1.38837 0.00000 0.16439 0.67479 0.10687
v -0.09523 1.32951 -0.15409 0.16439 0.67479 0.10687
v 0.00000 1.24221 -0.26215 0.16439 0.67479 0.10687
v 0.09523 1.32951 -0.15409 0.16439 0.67479 0.10687
v 0.09523 1.32951 -0.15409 0.16439 0.67479 0.10687
v 0.24931 1.23428 -0.09523 0.16439 0.67479 0.10687
v 0.16201 1.34234 0.00000 0.16439 0.67479 0.10687
v 0.09523 1.32951 -0.15409 0.16439 0.67479 0.10687
v 0.15409 1.17543 -0.24931 0.16439 0.67479 0.10687
v 0.24931 1.23428 -0.09523 0.16439 0.67479 0.10687
v 0.00000 1.24221 -0.26215 0.16439 0.67479 0.10687
v 0.15409 1.17543 -0.24931 0.16439 0.67479 0.10687
v 0.09523 1.32951 -0.15409 0.16439 0.67479 0.10687
v 0.15409 1.17543 -0.24931 0.16439 0.67479 0.10687
v 0.26215 1.08020 -0.16201 0.16439 0.67479 0.10687
v 0.24931 1.23428 -0.09523 0.16439 0.67479 0.10687
v 0.24931 1.23428 -0.09523 0.16439 0.67479 0.10687
v 0.24931 1.23428 0.09523 0.16439 0.67479 0.10687
v 0.16201 1.34234 0.00000 0.16439 0.67479 0.10687
v 0.24931 1.23428 -0.09523 0.16439 0.67479 0.10687
v 0.30817 1.08020 0.00000 0.16439 0.67479 0.10687
v 0.24931 1.23428 0.09523 0.16439 0.67479 0.10687
v 0.26215 1.08020 -0.16201 0.16439 0.67479 0.10687
v 0.30817 1.08020 0.00000 0.16439 0.67479 0.10687
v 0.24931 1.23428 -0.09523 0.16439 0.67479 0.10687
v 0.30817 1.08020 0.00000 0.16439 0.67479 0.10687
v 0.26215 1.08020 0.16201 0.16439 0.67479 0.10687
v 0.24931 1.23428 0.09523 0.16439 0.67479 0.10687
v -0.09523 1.32951 0.15409 0.16439 0.67479 0.10687
v -0.24931 1.23428 0.09523 0.16439 0.67479 0.10687
v -0.16201 1.34234 0.00000 0.16439 0.67479 0.10687
v -0.09523 1.32951 0.15409 0.16439 0.67479 0.10687
v -0.15409 1.17543 0.24931 0.16439 0.67479 0.10687
v -0.24931 1.23428 0.09523 0.16439 0.67479 0.10687
v 0.00000 1.24221 0.26215 0.16439 0.67479 0.10687
v -0.15409 1.17543 0.24931 0.16439 0.67479 0.10687
v -0.09523 1.32951 0.15409 0.16439 0.67479 0.10687
v -0.15409 1.17543 0.24931 0.16439 0.67479 0.10687
v -0.26215 1.08020 0.16201 0.16439 0.67479 0.10687
v -0.24931 1.23428 0.09523 0.16439 0.67479 0.10687
v 0.15409 1.17543 0.24931 0.16439 0.67479 0.10687
v 0.00000 1.08020 0.30817 0.16439 0.67479 0.10687
v 0.00000 1.24221 0.26215 0.16439 0.67479 0.10687
v 0.15409 1.17543 0.24931 0.16439 0.67479 0.10687
v 0.15409 0.98497 0.24931 0.16439 0.67479 0.10687
v 0.00000 1.08020 0.30817 0.16439 0.67479 0.10687
v 0.26215 1.08020 0.16201 0.16439 0.67479 0.10687
v 0.15409 0.98497 0.24931 0.16439 0.67479 0.10687
v 0.15409 1.17543 0.24931 0.16439 0.67479 0.10687
v 0.15409 0.98497 0.24931 0.16439 0.67479 0.10687
v 0.00000 0.91818 0.26215 0.16439 0.67479 0.10687
v 0.00000 1.08020 0.30817 0.16439 0.67479 0.10687
v 0.30817 1.08020 0.00000 0.16439 0.67479 0.10687
v 0.24931 0.92611 0.09523 0.16439 0.67479 0.10687
v 0.26215 1.08020 0.16201 0.16439 0.67479 0.10687
v 0.30817 1.08020 0.00000 0.16439 0.67479 0.10687
v 0.24931 0.92611 -0.09523 0.16439 0.67479 0.10687
v 0.24931 0.92611 0.09523 0.16439 0.67479 0.10687
v 0.26215 1.08020 -0.16201 0.16439 0.67479 0.10687
v 0.24931 0.92611 -0.09523 0.16439 0.67479 0.10687
v 0.30817 1.08020 0.00000 0.16439 0.67479 0.10687
v 0.24931 0.92611 -0.09523 0.16439 0.67479 0.10687
v 0.16201 0.81805 0.00000 0.16439 0.67479 0.10687
v 0.24931 0.92611 0.09523 0.16439 0.67479 0.10687
v 0.15409 1.17543 -0.24931 0.16439 0.67479 0.10687
v 0.15409 0.98497 -0.24931 0.16439 0.67479 0.10687
v 0.26215 1.08020 -0.16201 0.16439 0.67479 0.10687
v 0.15409 1.17543 -0.24931 0.16439 0.67479 0.10687
v 0.00000 1.08020 -0.30817 0.16439 0.67479 0.10687
v 0.15409 0.98497 -0.24931 0.16439 0.67479 0.10687
v 0.00000 1.24221 -0.26215 0.16439 0.67479 0.10687
v 0.00000 1.08020 -0.30817 0.16439 0.67479 0.10687
v 0.15409 1.17543 -0.24931 0.16439 0.67479 0.10687
v 0.00000 1.08020 -0.30817 0.16439 0.67479 0.10687
v 0.00000 0.91818 -0.26215 0.16439 0.67479 0.10687
v 0.15409 0.98497 -0.24931 0.16439 0.67479 0.10687
v -0.09523 1.32951 -0.15409 0.16439 0.67479 0.10687
v -0.15409 1.17543 -0.24931 0.16439 0.67479 0.10687
v 0.00000 1.24221 -0.26215 0.16439 0.67479 0.10687
v -0.09523 1.32951 -0.15409 0.16439 0.67479 0.10687
v -0.24931 1.23428 -0.09523 0.16439 0.67479 0.10687
v -0.15409 1.17543 -0.24931 0.16439 0.67479 0.10687
v -0.16201 1.34234 0.00000 0.16439 0.67479 0.10687
v -0.24931 1.23428 -0.09523 0.16439 0.67479 0.10687
v -0.09523 1.32951 -0.15409 0.16439 0.67479 0.10687
v -0.24931 1.23428 -0.09523 0.16439 0.67479 0.10687
v -0.26215 1.08020 -0.16201 0.16439 0.67479 0.10687
v -0.15409 1.17543 -0.24931 0.16439 0.67479 0.10687
v -0.24931 0.92611 0.09523 0.16439 0.67479 0.10687
v -0.09523 0.83088 0.15409 0.16439 0.67479 0.10687
v -0.16201 0.81805 0.00000 0.16439 0.67479 0.10687
v -0.24931 0.92611 0.09523 0.16439 0.67479 0.10687
v -0.15409 0.98497 0.24931 0.16439 0.67479 0.10687
v -0.09523 0.83088 0.15409 0.16439 0.67479 0.10687
v -0.26215 1.08020 0.16201 0.16439 0.67479 0.10687
v -0.15409 0.98497 0.24931 0.16439 0.67479 0.10687
v -0.24931 0.92611 0.09523 0.16439 0.67479 0.10687
v -0.15409 0.98497 0.24931 0.16439 0.67479 0.10687
v 0.00000 0.91818 0.26215 0.16439 0.67479 0.10687
v -0.09523 0.83088 0.15409 0.16439 0.67479 0.10687
v -0.09523 0.83088 0.15409 0.16439 0.67479 0.10687
v 0.00000 0.77203 0.00000 0.16439 0.67479 0.10687
v -0.16201 0.81805 0.00000 0.16439 0.67479 0.10687
v -0.09523 0.83088 0.15409 0.16439 0.67479 0.10687
v 0.09523 0.83088 0.15409 0.16439 0.67479 0.10687
v 0.00000 0.77203 0.00000 0.16439 0.67479 0.10687
v 0.00000 0.91818 0.26215 0.16439 0.67479 0.10687
v 0.09523 0.83088 0.15409 0.16439 0.67479 0.10687
v -0.09523 0.83088 0.15409 0.16439 0.67479 0.10687
v 0.09523 0.83088 0.15409 0.16439 0.67479 0.10687
v 0.16201 0.81805 0.00000 0.16439 0.67479 0.10687
v 0.00000 0.77203 0.00000 0.16439 0.67479 0.10687
v 0.00000 0.77203 0.00000 0.16439 0.67479 0.10687
v -0.09523 0.83088 -0.15409 0.16439 0.67479 0.10687
v -0.16201 0.81805 0.00000 0.16439 0.67479 0.10687
v 0.00000 0.77203 0.00000 0.16439 0.67479 0.10687
v 0.09523 0.83088 -0.15409 0.16439 0.67479 0.10687
v -0.09523 0.83088 -0.15409 0.16439 0.67479 0.10687
v 0.16201 0.81805 0.00000 0.16439 0.67479 0.10687
v 0.09523 0.83088 -0.15409 0.16439 0.67479 0.10687
v 0.00000 0.77203 0.00000 0.16439 0.67479 0.10687
v 0.09523 0.83088 -0.15409 0.16439 0.67479 0.10687
v 0.00000 0.91818 -0.26215 0.16439 0.67479 0.10687
v -0.09523 0.83088 -0.15409 0.16439 0.67479 0.10687
v -0.09523 0.83088 -0.15409 0.16439 0.67479 0.10687
v -0.24931 0.92611 -0.09523 0.16439 0.67479 0.10687
v -0.16201 0.81805 0.00000 0.16439 0.67479 0.10687
v -0.09523 0.83088 -0.15409 0.16439 0.67479 0.10687
v -0.15409 0.98497 -0.24931 0.16439 0.67479 0.10687
v -0.24931 0.92611 -0.09523 0.16439 0.67479 0.10687
v 0.00000 0.91818 -0.26215 0.16439 0.67479 0.10687
v -0.15409 0.98497 -0.24931 0.16439 0.67479 0.10687
v -0.09523 0.83088 -0.15409 0.16439 0.67479 0.10687
v -0.15409 0.98497 -0.24931 0.16439 0.67479 0.10687
v -0.26215 1.08020 -0.16201 0.16439 0.67479 0.10687
v -0.24931 0.92611 -0.09523 0.16439 0.67479 0.10687
v -0.24931 0.92611 -0.09523 0.16439 0.67479 0.10687
v -0.24931 0.92611 0.09523 0.16439 0.67479 0.10687
v -0.16201 0.81805 0.00000 0.16439 0.67479 0.10687
v -0.24931 0.92611 -0.09523 0.16439 0.67479 0.10687
v -0.30817 1.08020 0.00000 0.16439 0.67479 0.10687
v -0.24931 0.92611 0.09523 0.16439 0.67479 0.10687
v -0.26215 1.08020 -0.16201 0.16439 0.67479 0.10687
v -0.30817 1.08020 0.00000 0.16439 0.67479 0.10687
v -0.24931 0.92611 -0.09523 0.16439 0.67479 0.10687
v -0.30817 1.08020 0.00000 0.16439 0.67479 0.10687
v -0.26215 1.08020 0.16201 0.16439 0.67479 0.10687
v -0.24931 0.92611 0.09523 0.16439 0.67479 0.10687
v -0.15409 0.98497 0.24931 0.16439 0.67479 0.10687
v 0.00000 1.08020 0.30817 0.16439 0.67479 0.10687
v 0.00000 0.91818 0.26215 0.16439 0.67479 0.10687
v -0.15409 0.98497 0.24931 0.16439 0.67479 0.10687
v -0.15409 1.17543 0.24931 0.16439 0.67479 0.10687
v 0.00000 1.08020 0.30817 0.16439 0.67479 0.10687
v -0.26215 1.08020 0.16201 0.16439 0.67479 0.10687
v -0.15409 1.17543 0.24931 0.16439 0.67479 0.10687
v -0.15409 0.98497 0.24931 0.16439 0.67479 0.10687
v -0.15409 1.17543 0.24931 0.16439 0.67479 0.10687
v 0.00000 1.24221 0.26215 0.16439 0.67479 0.10687
v 0.00000 1.08020 0.30817 0.16439 0.67479 0.10687
v 0.09523 0.83088 0.15409 0.16439 0.67479 0.10687
v 0.24931 0.92611 0.09523 0.16439 0.67479 0.10687
v 0.16201 0.81805 0.00000 0.16439 0.67479 0.10687
v 0.09523 0.83088 0.15409 0.16439 0.67479 0.10687
v 0.15409 0.98497 0.24931 0.16439 0.67479 0.10687
v 0.24931 0.92611 0.09523 0.16439 0.67479 0.10687
v 0.00000 0.91818 0.26215 0.16439 0.67479 0.10687
v 0.15409 0.98497 0.24931 0.16439 0.67479 0.10687
v 0.09523 0.83088 0.15409 0.16439 0.67479 0.10687
v 0.15409 0.98497 0.24931 0.16439 0.67479 0.10687
v 0.26215 1.08020 0.16201 0.16439 0.67479 0.10687
v 0.24931 0.92611 0.09523 0.16439 0.67479 0.10687
v 0.09523 0.83088 -0.15409 0.16439 0.67479 0.10687
v 0.15409 0.98497 -0.24931 0.16439 0.67479 0.10687
v 0.00000 0.91818 -0.26215 0.16439 0.67479 0.10687
v 0.09523 0.83088 -0.15409 0.16439 0.67479 0.10687
v 0.24931 0.92611 -0.09523 0.16439 0.67479 0.10687
v 0.15409 0.98497 -0.24931 0.16439 0.67479 0.10687
v 0.16201 0.81805 0.00000 0.16439 0.67479 0.10687
v 0.24931 0.92611 -0.09523 0.16439 0.67479 0.10687
v 0.09523 0.83088 -0.15409 0.16439 0.67479 0.10687
v 0.24931 0.92611 -0.09523 0.16439 0.67479 0.10687
v 0.26215 1.08020 -0.16201 0.16439 0.67479 0.10687
v 0.15409 0.98497 -0.24931 0.16439 0.67479 0.10687
v -0.15409 0.98497 -0.24931 0.16439 0.67479 0.10687
v -0.15409 1.17543 -0.24931 0.16439 0.67479 0.10687
v -0.26215 1.08020 -0.16201 0.16439 0.67479 0.10687
v -0.15409 0.98497 -0.24931 0.16439 0.67479 0.10687
v 0.00000 1.08020 -0.30817 0.16439 0.67479 0.10687
v -0.15409 1.17543 -0.24931 0.16439 0.67479 0.10687
v 0.00000 0.91818 -0.26215 0.16439 0.67479 0.10687
v 0.00000 1.08020 -0.30817 0.16439 0.67479 0.10687
v -0.15409 0.98497 -0.24931 0.16439 0.67479 0.10687
v 0.00000 1.08020 -0.30817 0.16439 0.67479 0.10687
v 0.00000 1.24221 -0.26215 0.16439 0.67479 0.10687
v -0.15409 1.17543 -0.24931 0.16439 0.67479 0.10687
v -0.30817 1.08020 0.00000 0.16439 0.67479 0.10687
v -0.24931 1.23428 0.09523 0.16439 0.67479 0.10687
v -0.26215 1.08020 0.16201 0.16439 0.67479 0.10687
v -0.30817 1.08020 0.00000 0.16439 0.67479 0.10687
v -0.24931 1.23428 -0.09523 0.16439 0.67479 0.10687
v -0.24931 1.23428 0.09523 0.16439 0.67479 0.10687
v -0.26215 1.08020 -0.16201 0.16439 0.67479 0.10687
v -0.24931 1.23428 -0.09523 0.16439 0.67479 0.10687
v -0.30817 1.08020 0.00000 0.16439 0.67479 0.10687
v -0.24931 1.23428 -0.09523 0.16439 0.67479 0.10687
v -0.16201 1.34234 0.00000 0.16439 0.67479 0.10687
v -0.24931 1.23428 0.09523 0.16439 0.67479 0.10687
v 0.17452 1.34214 0.06666 0.16439 0.67479 0.10687
v 0.06666 1.40880 0.10786 0.16439 0.67479 0.10687
v 0.11341 1.41778 0.00000 0.16439 0.67479 0.10687
v 0.17452 1.34214 0.06666 0.16439 0.67479 0.10687
v 0.10786 1.30094 0.17452 0.16439 0.67479 0.10687
v 0.06666 1.40880 0.10786 0.16439 0.67479 0.10687
v 0.18350 1.23428 0.11341 0.16439 0.67479 0.10687
v 0.10786 1.30094 0.17452 0.16439 0.67479 0.10687
v 0.17452 1.34214 0.06666 0.16439 0.67479 0.10687
v 0.10786 1.30094 0.17452 0.16439 0.67479 0.10687
v 0.00000 1.34769 0.18350 0.16439 0.67479 0.10687
v 0.06666 1.40880 0.10786 0.16439 0.67479 0.10687
v 0.06666 1.40880 0.10786 0.16439 0.67479 0.10687
v 0.00000 1.45000 0.00000 0.16439 0.67479 0.10687
v 0.11341 1.41778 0.00000 0.16439 0.67479 0.10687
v 0.06666 1.40880 0.10786 0.16439 0.67479 0.10687
v -0.06666 1.40880 0.10786 0.16439 0.67479 0.10687
v 0.00000 1.45000 0.00000 0.16439 0.67479 0.10687
v 0.00000 1.34769 0.18350 0.16439 0.67479 0.10687
v -0.06666 1.40880 0.10786 0.16439 0.67479 0.10687
v 0.06666 1.40880 0.10786 0.16439 0.67479 0.10687
v -0.06666 1.40880 0.10786 0.16439 0.67479 0.10687
v -0.11341 1.41778 0.00000 0.16439 0.67479 0.10687
v 0.00000 1.45000 0.00000 0.16439 0.67479 0.10687
v 0.00000 1.45000 0.00000 0.16439 0.67479 0.10687
v 0.06666 1.40880 -0.10786 0.16439 0.67479 0.10687
v 0.11341 1.41778 0.00000 0.16439 0.67479 0.10687
v 0.00000 1.45000 0.00000 0.16439 0.67479 0.10687
v -0.06666 1.40880 -0.10786 0.16439 0.67479 0.10687
v 0.06666 1.40880 -0.10786 0.16439 0.67479 0.10687
v -0.11341 1.41778 0.00000 0.16439 0.67479 0.10687
v -0.06666 1.40880 -0.10786 0.16439 0.67479 0.10687
v 0.00000 1.45000 0.00000 0.16439 0.67479 0.10687
v -0.06666 1.40880 -0.10786 0.16439 0.67479 0.10687
v 0.00000 1.34769 -0.18350 0.16439 0.67479 0.10687
v 0.06666 1.40880 -0.10786 0.16439 0.67479 0.10687
v 0.06666 1.40880 -0.10786 0.16439 0.67479 0.10687
v 0.17452 1.34214 -0.06666 0.16439 0.67479 0.10687
v 0.11341 1.41778 0.00000 0.16439 0.67479 0.10687
v 0.06666 1.40880 -0.10786 0.16439 0.67479 0.10687
v 0.10786 1.30094 -0.17452 0.16439 0.67479 0.10687
v 0.17452 1.34214 -0.06666 0.16439 0.67479 0.10687
v 0.00000 1.34769 -0.18350 0.16439 0.67479 0.10687
v 0.10786 1.30094 -0.17452 0.16439 0.67479 0.10687
v 0.06666 1.40880 -0.10786 0.16439 0.67479 0.10687
v 0.10786 1.30094 -0.17452 0.16439 0.67479 0.10687
v 0.18350 1.23428 -0.11341 0.16439 0.67479 0.10687
v 0.17452 1.34214 -0.06666 0.16439 0.67479 0.10687
v 0.17452 1.34214 -0.06666 0.16439 0.67479 0.10687
v 0.17452 1.34214 0.06666 0.16439 0.67479 0.10687
v 0.11341 1.41778 0.00000 0.16439 0.67479 0.10687
v 0.17452 1.34214 -0.06666 0.16439 0.67479 0.10687
v 0.21572 1.23428 0.00000 0.16439 0.67479 0.10687
v 0.17452 1.34214 0.06666 0.16439 0.67479 0.10687
v 0.18350 1.23428 -0.11341 0.16439 0.67479 0.10687
v 0.21572 1.23428 0.00000 0.16439 0.67479 0.10687
v 0.17452 1.34214 -0.06666 0.16439 0.67479 0.10687
v 0.21572 1.23428 0.00000 0.16439 0.67479 0.10687
v 0.18350 1.23428 0.11341 0.16439 0.67479 0.10687
v 0.17452 1.34214 0.06666 0.16439 0.67479 0.10687
v -0.06666 1.40880 0.10786 0.16439 0.67479 0.10687
v -0.17452 1.34214 0.06666 0.16439 0.67479 0.10687
v -0.11341 1.41778 0.00000 0.16439 0.67479 0.10687
v -0.06666 1.40880 0.10786 0.16439 0.67479 0.10687
v -0.10786 1.30094 0.17452 0.16439 0.67479 0.10687
v -0.17452 1.34214 0.06666 0.16439 0.67479 0.10687
v 0.00000 1.34769 0.18350 0.16439 0.67479 0.10687
v -0.10786 1.30094 0.17452 0.16439 0.67479 0.10687
v -0.06666 1.40880 0.10786 0.16439 0.67479 0.10687
v -0.10786 1.30094 0.17452 0.16439 0.67479 0.10687
v -0.18350 1.23428 0.11341 0.16439 0.67479 0.10687
v -0.17452 1.34214 0.06666 0.16439 0.67479 0.10687
v 0.10786 1.30094 0.17452 0.16439 0.67479 0.10687
v 0.00000 1.23428 0.21572 0.16439 0.67479 0.10687
v 0.00000 1.34769 0.18350 0.16439 0.67479 0.10687
v 0.10786 1.30094 0.17452 0.16439 0.67479 0.10687
v 0.10786 1.16762 0.17452 0.16439 0.67479 0.10687
v 0.00000 1.23428 0.21572 0.16439 0.67479 0.10687
v 0.18350 1.23428 0.11341 0.16439 0.67479 0.10687
v 0.10786 1.16762 0.17452 0.16439 0.67479 0.10687
v 0.10786 1.30094 0.17452 0.16439 0.67479 0.10687
v 0.10786 1.16762 0.17452 0.16439 0.67479 0.10687
v 0.00000 1.12087 0.18350 0.16439 0.67479 0.10687
v 0.00000 1.23428 0.21572 0.16439 0.67479 0.10687
v 0.21572 1.23428 0.00000 0.16439 0.67479 0.10687
v 0.17452 1.12642 0.06666 0.16439 0.67479 0.10687
v 0.18350 1.23428 0.11341 0.16439 0.67479 0.10687
v 0.21572 1.23428 0.00000 0.16439 0.67479 0.10687
v 0.17452 1.12642 -0.06666 0.16439 0.67479 0.10687
v 0.17452 1.12642 0.06666 0.16439 0.67479 0.10687
v 0.18350 1.23428 -0.11341 0.16439 0.67479 0.10687
v 0.17452 1.12642 -0.06666 0.16439 0.67479 0.10687
v 0.21572 1.23428 0.00000 0.16439 0.67479 0.10687
v 0.17452 1.12642 -0.06666 0.16439 0.67479 0.10687
v 0.11341 1.05078 0.00000 0.16439 0.67479 0.10687
v 0.17452 1.12642 0.06666 0.16439 0.67479 0.10687
v 0.10786 1.30094 -0.17452 0.16439 0.67479 0.10687
v 0.10786 1.16762 -0.17452 0.16439 0.67479 0.10687
v 0.18350 1.23428 -0.11341 0.16439 0.67479 0.10687
v 0.10786 1.30094 -0.17452 0.16439 0.67479 0.10687
v 0.00000 1.23428 -0.21572 0.16439 0.67479 0.10687
v 0.10786 1.16762 -0.17452 0.16439 0.67479 0.10687
v 0.00000 1.34769 -0.18350 0.16439 0.67479 0.10687
v 0.00000 1.23428 -0.21572 0.16439 0.67479 0.10687
v 0.10786 1.30094 -0.17452 0.16439 0.67479 0.10687
v 0.00000 1.23428 -0.21572 0.16439 0.67479 0.10687
v 0.00000 1.12087 -0.18350 0.16439 0.67479 0.10687
v 0.10786 1.16762 -0.17452 0.16439 0.67479 0.10687
v -0.06666 1.40880 -0.10786 0.16439 0.67479 0.10687
v -0.10786 1.30094 -0.17452 0.16439 0.67479 0.10687
v 0.00000 1.34769 -0.18350 0.16439 0.67479 0.10687
v -0.06666 1.40880 -0.10786 0.16439 0.67479 0.10687
v -0.17452 1.34214 -0.06666 0.16439 0.67479 0.10687
v -0.10786 1.30094 -0.17452 0.16439 0.67479 0.10687
v -0.11341 1.41778 0.00000 0.16439 0.67479 0.10687
v -0.17452 1.34214 -0.06666 0.16439 0.67479 0.10687
v -0.06666 1.40880 -0.10786 0.16439 0.67479 0.10687
v -0.17452 1.34214 -0.06666 0.16439 0.67479 0.10687
v -0.18350 1.23428 -0.11341 0.16439 0.67479 0.10687
v -0.10786 1.30094 -0.17452 0.16439 0.67479 0.10687
v -0.17452 1.12642 0.06666 0.16439 0.67479 0.10687
v -0.06666 1.05976 0.10786 0.16439 0.67479 0.10687
v -0.11341 1.05078 0.00000 0.16439 0.67479 0.10687
v -0.17452 1.12642 0.06666 0.16439 0.67479 0.10687
v -0.10786 1.16762 0.17452 0.16439 0.67479 0.10687
v -0.06666 1.05976 0.10786 0.16439 0.67479 0.10687
v -0.18350 1.23428 0.11341 0.16439 0.67479 0.10687
v -0.10786 1.16762 0.17452 0.16439 0.67479 0.10687
v -0.17452 1.12642 0.06666 0.16439 0.67479 0.10687
v -0.10786 1.16762 0.17452 0.16439 0.67479 0.10687
v 0.00000 1.12087 0.18350 0.16439 0.67479 0.10687
v -0.06666 1.05976 0.10786 0.16439 0.67479 0.10687
v -0.06666 1.05976 0.10786 0.16439 0.67479 0.10687
v 0.00000 1.01856 0.00000 0.16439 0.67479 0.10687
v -0.11341 1.05078 0.00000 0.16439 0.67479 0.10687
v -0.06666 1.05976 0.10786 0.16439 0.67479 0.10687
v 0.06666 1.05976 0.10786 0.16439 0.67479 0.10687
v 0.00000 1.01856 0.00000 0.16439 0.67479 0.10687
v 0.00000 1.12087 0.18350 0.16439 0.67479 0.10687
v 0.06666 1.05976 0.10786 0.16439 0.67479 0.10687
v -0.06666 1.05976 0.10786 0.16439 0.67479 0.10687
v 0.06666 1.05976 0.10786 0.16439 0.67479 0.10687
v 0.11341 1.05078 0.00000 0.16439 0.67479 0.10687
v 0.00000 1.01856 0.00000 0.16439 0.67479 0.10687
v 0.00000 1.01856 0.00000 0.16439 0.67479 0.10687
v -0.06666 1.05976 -0.10786 0.16439 0.67479 0.10687
v -0.11341 1.05078 0.00000 0.16439 0.67479 0.10687
v 0.00000 1.01856 0.00000 0.16439 0.67479 0.10687
v 0.06666 1.05976 -0.10786 0.16439 0.67479 0.10687
v -0.06666 1.05976 -0.10786 0.16439 0.67479 0.10687
v 0.11341 1.05078 0.00000 0.16439 0.67479 0.10687
v 0.06666 1.05976 -0.10786 0.16439 0.67479 0.10687
v 0.00000 1.01856 0.00000 0.16439 0.67479 0.10687
v 0.06666 1.05976 -0.10786 0.16439 0.67479 0.10687
v 0.00000 1.12087 -0.18350 0.16439 0.67479 0.10687
v -0.06666 1.05976 -0.10786 0.16439 0.67479 0.10687
v -0.06666 1.05976 -0.10786 0.16439 0.67479 0.10687
v -0.17452 1.12642 -0.06666 0.16439 0.67479 0.10687
v -0.11341 1.05078 0.00000 0.16439 0.67479 0.10687
v -0.06666 1.05976 -0.10786 0.16439 0.67479 0.10687
v -0.10786 1.16762 -0.17452 0.16439 0.67479 0.10687
v -0.17452 1.12642 -0.06666 0.16439 0.67479 0.10687
v 0.00000 1.12087 -0.18350 0.16439 0.67479 0.10687
v -0.10786 1.16762 -0.17452 0.16439 0.67479 0.10687
v -0.06666 1.05976 -0.10786 0.16439 0.67479 0.10687
v -0.10786 1.16762 -0.17452 0.16439 0.67479 0.10687
v -0.18350 1.23428 -0.11341 0.16439 0.67479 0.10687
v -0.17452 1.12642 -0.06666 0.16439 0.67479 0.10687
v -0.17452 1.12642 -0.06666 0.16439 0.67479 0.10687
v -0.17452 1.12642 0.06666 0.16439 0.67479 0.10687
v -0.11341 1.05078 0.00000 0.16439 0.67479 0.10687
v -0.17452 1.12642 -0.06666 0.16439 0.67479 0.10687
v -0.21572 1.23428 0.00000 0.16439 0.67479 0.10687
v -0.17452 1.12642 0.06666 0.16439 0.67479 0.10687
v -0.18350 1.23428 -0.11341 0.16439 0.67479 0.10687
v -0.21572 1.23428 0.00000 0.16439 0.67479 0.10687
v -0.17452 1.12642 -0.06666 0.16439 0.67479 0.10687
v -0.21572 1.23428 0.00000 0.16439 0.67479 0.10687
v -0.18350 1.23428 0.11341 0.16439 0.67479 0.10687
v -0.17452 1.12642 0.06666 0.16439 0.67479 0.10687
v -0.10786 1.16762 0.17452 0.16439 0.67479 0.10687
v 0.00000 1.23428 0.21572 0.16439 0.67479 0.10687
v 0.00000 1.12087 0.18350 0.16439 0.67479 0.10687
v -0.10786 1.16762 0.17452 0.16439 0.67479 0.10687
v -0.10786 1.30094 0.17452 0.16439 0.67479 0.10687
v 0.00000 1.23428 0.21572 0.16439 0.67479 0.10687
v -0.18350 1.23428 0.11341 0.16439 0.67479 0.10687
v -0.10786 1.30094 0.17452 0.16439 0.67479 0.10687
v -0.10786 1.16762 0.17452 0.16439 0.67479 0.10687
v -0.10786 1.30094 0.17452 0.16439 0.67479 0.10687
v 0.00000 1.34769 0.18350 0.16439 0.67479 0.10687
v 0.00000 1.23428 0.21572 0.16439 0.67479 0.10687
v 0.06666 1.05976 0.10786 0.16439 0.67479 0.10687
v 0.17452 1.12642 0.06666 0.16439 0.67479 0.10687
v 0.11341 1.05078 0.00000 0.16439 0.67479 0.10687
v 0.06666 1.05976 0.10786 0.16439 0.67479 0.10687
v 0.10786 1.16762 0.17452 0.16439 0.67479 0.10687
v 0.17452 1.12642 0.06666 0.16439 0.67479 0.10687
v 0.00000 1.12087 0.18350 0.16439 0.67479 0.10687
v 0.10786 1.16762 0.17452 0.16439 0.67479 0.10687
v 0.06666 1.05976 0.10786 0.16439 0.67479 0.10687
v 0.10786 1.16762 0.17452 0.16439 0.67479 0.10687
v 0.18350 1.23428 0.11341 0.16439 0.67479 0.10687
v 0.17452 1.12642 0.06666 0.16439 0.67479 0.10687
v 0.06666 1.05976 -0.10786 0.16439 0.67479 0.10687
v 0.10786 1.16762 -0.17452 0.16439 0.67479 0.10687
v 0.00000 1.12087 -0.18350 0.16439 0.67479 0.10687
v 0.06666 1.05976 -0.10786 0.16439 0.67479 0.10687
v 0.17452 1.12642 -0.06666 0.16439 0.67479 0.10687
v 0.10786 1.16762 -0.17452 0.16439 0.67479 0.10687
v 0.11341 1.05078 0.00000 0.16439 0.67479 0.10687
v 0.17452 1.12642 -0.06666 0.16439 0.67479 0.10687
v 0.06666 1.05976 -0.10786 0.16439 0.67479 0.10687
v 0.17452 1.12642 -0.06666 0.16439 0.67479 0.10687
v 0.18350 1.23428 -0.11341 0.16439 0.67479 0.10687
v 0.10786 1.16762 -0.17452 0.16439 0.67479 0.10687
v -0.10786 1.16762 -0.17452 0.16439 0.67479 0.10687
v -0.10786 1.30094 -0.17452 0.16439 0.67479 0.10687
v -0.18350 1.23428 -0.11341 0.16439 0.67479 0.10687
v -0.10786 1.16762 -0.17452 0.16439 0.67479 0.10687
v 0.00000 1.23428 -0.21572 0.16439 0.67479 0.10687
v -0.10786 1.30094 -0.17452 0.16439 0.67479 0.10687
v 0.00000 1.12087 -0.18350 0.16439 0.67479 0.10687
v 0.00000 1.23428 -0.21572 0.16439 0.67479 0.10687
v -0.10786 1.16762 -0.17452 0.16439 0.67479 0.10687
v 0.00000 1.23428 -0.21572 0.16439 0.67479 0.10687
v 0.00000 1.34769 -0.18350 0.16439 0.67479 0.10687
v -0.10786 1.30094 -0.17452 0.16439 0.67479 0.10687
v -0.21572 1.23428 0.00000 0.16439 0.67479 0.10687
v -0.17452 1.34214 0.06666 0.16439 0.67479 0.10687
v -0.18350 1.23428 0.11341 0.16439 0.67479 0.10687
v -0.21572 1.23428 0.00000 0.16439 0.67479 0.10687
v -0.17452 1.34214 -0.06666 0.16439 0.67479 0.10687
v -0.17452 1.34214 0.06666 0.16439 0.67479 0.10687
v -0.18350 1.23428 -0.11341 0.16439 0.67479 0.10687
v -0.17452 1.34214 -0.06666 0.16439 0.67479 0.10687
v -0.21572 1.23428 0.00000 0.16439 0.67479 0.10687
v -0.17452 1.34214 -0.06666 0.16439 0.67479 0.10687
v -0.11341 1.41778 0.00000 0.16439 0.67479 0.10687
v -0.17452 1.34214 0.06666 0.16439 0.67479 0.10687
v 0.44845 0.07864 0.04860 0.16439 0.67479 0.10687
v 0.36980 0.12725 0.07864 0.16439 0.67479 0.10687
v 0.41841 0.15729 0.00000 0.16439 0.67479 0.10687
v 0.36980 0.12725 0.07864 0.16439 0.67479 0.10687
v 0.32120 0.15729 0.00000 0.16439 0.67479 0.10687
v 0.41841 0.15729 0.00000 0.16439 0.67479 0.10687
v 0.32120 0.15729 0.00000 0.16439 0.67479 0.10687
v 0.36980 0.12725 -0.07864 0.16439 0.67479 0.10687
v 0.41841 0.15729 0.00000 0.16439 0.67479 0.10687
v 0.36980 0.12725 -0.07864 0.16439 0.67479 0.10687
v 0.44845 0.07864 -0.04860 0.16439 0.67479 0.10687
v 0.41841 0.15729 0.00000 0.16439 0.67479 0.10687
v 0.44845 0.07864 -0.04860 0.16439 0.67479 0.10687
v 0.44845 0.07864 0.04860 0.16439 0.67479 0.10687
v 0.41841 0.15729 0.00000 0.16439 0.67479 0.10687
v 0.36980 0.12725 0.07864 0.16439 0.67479 0.10687
v 0.29116 0.07864 0.04860 0.16439 0.67479 0.10687
v 0.32120 0.15729 0.00000 0.16439 0.67479 0.10687
v 0.44845 0.07864 0.04860 0.16439 0.67479 0.10687
v 0.36980 0.03004 0.07864 0.16439 0.67479 0.10687
v 0.36980 0.12725 0.07864 0.16439 0.67479 0.10687
v 0.44845 0.07864 -0.04860 0.16439 0.67479 0.10687
v 0.41841 0.00000 0.00000 0.16439 0.67479 0.10687
v 0.44845 0.07864 0.04860 0.16439 0.67479 0.10687
v 0.36980 0.12725 -0.07864 0.16439 0.67479 0.10687
v 0.36980 0.03004 -0.07864 0.16439 0.67479 0.10687
v 0.44845 0.07864 -0.04860 0.16439 0.67479 0.10687
v 0.32120 0.15729 0.00000 0.16439 0.67479 0.10687
v 0.29116 0.07864 -0.04860 0.16439 0.67479 0.10687
v 0.36980 0.12725 -0.07864 0.16439 0.67479 0.10687
v 0.29116 0.07864 0.04860 0.16439 0.67479 0.10687
v 0.36980 0.03004 0.07864 0.16439 0.67479 0.10687
v 0.32120 0.00000 0.00000 0.16439 0.67479 0.10687
v 0.36980 0.03004 0.07864 0.16439 0.67479 0.10687
v 0.41841 0.00000 0.00000 0.16439 0.67479 0.10687
v 0.32120 0.00000 0.00000 0.16439 0.67479 0.10687
v 0.41841 0.00000 0.00000 0.16439 0.67479 0.10687
v 0.36980 0.03004 -0.07864 0.16439 0.67479 0.10687
v 0.32120 0.00000 0.00000 0.16439 0.67479 0.10687
v 0.36980 0.03004 -0.07864 0.16439 0.67479 0.10687
v 0.29116 0.07864 -0.04860 0.16439 0.67479 0.10687
v 0.32120 0.00000 0.00000 0.16439 0.67479 0.10687
v 0.29116 0.07864 -0.04860 0.16439 0.67479 0.10687
v 0.29116 0.07864 0.04860 0.16439 0.67479 0.10687
v 0.32120 0.00000 0.00000 0.16439 0.67479 0.10687
v 0.29116 0.07864 0.04860 0.16439 0.67479 0.10687
v 0.36980 0.12725 0.07864 0.16439 0.67479 0.10687
v 0.36980 0.03004 0.07864 0.16439 0.67479 0.10687
v 0.36980 0.03004 0.07864 0.16439 0.67479 0.10687
v 0.44845 0.07864 0.04860 0.16439 0.67479 0.10687
v 0.41841 0.00000 0.00000 0.16439 0.67479 0.10687
v 0.41841 0.00000 0.00000 0.16439 0.67479 0.10687
v 0.44845 0.07864 -0.04860 0.16439 0.67479 0.10687
v 0.36980 0.03004 -0.07864 0.16439 0.67479 0.10687
v 0.36980 0.03004 -0.07864 0.16439 0.67479 0.10687
v 0.36980 0.12725 -0.07864 0.16439 0.67479 0.10687
v 0.29116 0.07864 -0.04860 0.16439 0.67479 0.10687
v 0.29116 0.07864 -0.04860 0.16439 0.67479 0.10687
v 0.32120 0.15729 0.00000 0.16439 0.67479 0.10687
v 0.29116 0.07864 0.04860 0.16439 0.67479 0.10687
v -0.29116 0.07864 0.04860 0.16439 0.67479 0.10687
v -0.36980 0.12725 0.07864 0.16439 0.67479 0.10687
v -0.32120 0.15729 0.00000 0.16439 0.67479 0.10687
v -0.36980 0.12725 0.07864 0.16439 0.67479 0.10687
v -0.41841 0.15729 0.00000 0.16439 0.67479 0.10687
v -0.32120 0.15729 0.00000 0.16439 0.67479 0.10687
v -0.41841 0.15729 0.00000 0.16439 0.67479 0.10687
v -0.36980 0.12725 -0.07864 0.16439 0.67479 0.10687
v -0.32120 0.15729 0.00000 0.16439 0.67479 0.10687
v -0.36980 0.12725 -0.07864 0.16439 0.67479 0.10687
v -0.29116 0.07864 -0.04860 0.16439 0.67479 0.10687
v -0.32120 0.15729 0.00000 0.16439 0.67479 0.10687
v -0.29116 0.07864 -0.04860 0.16439 0.67479 0.10687
v -0.29116 0.07864 0.04860 0.16439 0.67479 0.10687
v -0.32120 0.15729 0.00000 0.16439 0.67479 0.10687
v -0.36980 0.12725 0.07864 0.16439 0.67479 0.10687
v -0.44845 0.07864 0.04860 0.16439 0.67479 0.10687
v -0.41841 0.15729 0.00000 0.16439 0.67479 0.10687
v -0.29116 0.07864 0.04860 0.16439 0.67479 0.10687
v -0.36980 0.03004 0.07864 0.16439 0.67479 0.10687
v -0.36980 0.12725 0.07864 0.16439 0.67479 0.10687
v -0.29116 0.07864 -0.04860 0.16439 0.67479 0.10687
v -0.32120 0.00000 0.00000 0.16439 0.67479 0.10687
v -0.29116 0.07864 0.04860 0.16439 0.67479 0.10687
v -0.36980 0.12725 -0.07864 0.16439 0.67479 0.10687
v -0.36980 0.03004 -0.07864 0.16439 0.67479 0.10687
v -0.29116 0.07864 -0.04860 0.16439 0.67479 0.10687
v -0.41841 0.15729 0.00000 0.16439 0.67479 0.10687
v -0.44845 0.07864 -0.04860 0.16439 0.67479 0.10687
v -0.36980 0.12725 -0.07864 0.16439 0.67479 0.10687
v -0.44845 0.07864 0.04860 0.16439 0.67479 0.10687
v -0.36980 0.03004 0.07864 0.16439 0.67479 0.10687
v -0.41841 0.00000 0.00000 0.16439 0.67479 0.10687
v -0.36980 0.03004 0.07864 0.16439 0.67479 0.10687
v -0.32120 0.00000 0.00000 0.16439 0.67479 0.10687
v -0.41841 0.00000 0.00000 0.16439 0.67479 0.10687
v -0.32120 0.00000 0.00000 0.16439 0.67479 0.10687
v -0.36980 0.03004 -0.07864 0.16439 0.67479 0.10687
v -0.41841 0.00000 0.00000 0.16439 0.67479 0.10687
v -0.36980 0.03004 -0.07864 0.16439 0.67479 0.10687
v -0.44845 0.07864 -0.04860 0.16439 0.67479 0.10687
v -0.41841 0.00000 0.00000 0.16439 0.67479 0.10687
v -0.44845 0.07864 -0.04860 0.16439 0.67479 0.10687
v -0.44845 0.07864 0.04860 0.16439 0.67479 0.10687
v -0.41841 0.00000 0.00000 0.16439 0.67479 0.10687
v -0.44845 0.07864 0.04860 0.16439 0.67479 0.10687
v -0.36980 0.12725 0.07864 0.16439 0.67479 0.10687
v -0.36980 0.03004 0.07864 0.16439 0.67479 0.10687
v -0.36980 0.03004 0.07864 0.16439 0.67479 0.10687
v -0.29116 0.07864 0.04860 0.16439 0.67479 0.10687
v -0.32120 0.00000 0.00000 0.16439 0.67479 0.10687
v -0.32120 0.00000 0.00000 0.16439 0.67479 0.10687
v -0.29116 0.07864 -0.04860 0.16439 0.67479 0.10687
v -0.36980 0.03004 -0.07864 0.16439 0.67479 0.10687
v -0.36980 0.03004 -0.07864 0.16439 0.67479 0.10687
v -0.36980 0.12725 -0.07864 0.16439 0.67479 0.10687
v -0.44845 0.07864 -0.04860 0.16439 0.67479 0.10687
v -0.44845 0.07864 -0.04860 0.16439 0.67479 0.10687
v -0.41841 0.15729 0.00000 0.16439 0.67479 0.10687
v -0.44845 0.07864 0.04860 0.16439 0.67479 0.10687
f 527 529 528
f 530 532 531
f 533 535 534
f 536 538 537
f 539 541 540
f 542 544 543
f 545 547 546
f 548 550 549
f 551 553 552
f 554 556 555
f 557 559 558
f 560 562 561
f 563 565 564
f 566 568 567
f 569 571 570
f 572 574 573
f 575 577 576
f 578 580 579
f 581 583 582
f 584 586 585
f 587 589 588
f 590 592 591
f 593 595 594
f 596 598 597
f 599 601 600
f 602 604 603
f 605 607 606
f 608 610 609
f 611 613 612
f 614 616 615
f 617 619 618
f 620 622 621
f 623 625 624
f 626 628 627
f 629 631 630
f 632 634 633
f 635 637 636
f 638 640 639
f 641 643 642
f 644 646 645
f 647 649 648
f 650 652 651
f 653 655 654
f 656 658 657
f 659 661 660
f 662 664 663
f 665 667 666
f 668 670 669
f 671 673 672
f 674 676 675
f 677 679 678
f 680 682 681
f 683 685 684
f 686 688 687
f 689 691 690
f 692 694 693
f 695 697 696
f 698 700 699
f 701 703 702
f 704 706 705
f 707 709 708
f 710 712 711
f 713 715 714
f 716 718 717
f 719 721 720
f 722 724 723
f 725 727 726
f 728 730 729
f 731 733 732
f 734 736 735
f 737 739 738
f 740 742 741
f 743 745 744
f 746 748 747
f 749 751 750
f 752 754 753
f 755 757 756
f 758 760 759
f 761 763 762
f 764 766 765
f 767 769 768
f 770 772 771
f 773 775 774
f 776 778 777
f 779 781 780
f 782 784 783
f 785 787 786
f 788 790 789
f 791 793 792
f 794 796 795
f 797 799 798
f 800 802 801
f 803 805 804
f 806 808 807
f 809 811 810
f 812 814 813
f 815 817 816
f 818 820 819
f 821 823 822
f 824 826 825
f 827 829 828
f 830 832 831
f 833 835 834
f 836 838 837
f 839 841 840
f 842 844 843
f 845 847 846
f 848 850 849
f 851 853 852
f 854 856 855
f 857 859 858
f 860 862 861
f 863 865 864
f 866 868 867
f 869 871 870
f 872 874 873
f 875 877 876
f 878 880 879
f 881 883 882
f 884 886 885
f 887 889 888
f 890 892 891
f 893 895 894
f 896 898 897
f 899 901 900
f 902 904 903
f 905 907 906
f 908 910 909
f 911 913 912
f 914 916 915
f 917 919 918
f 920 922 921
f 923 925 924
f 926 928 927
f 929 931 930
f 932 934 933
f 935 937 936
f 938 940 939
f 941 943 942
f 944 946 945
f 947 949 948
f 950 952 951
f 953 955 954
f 956 958 957
f 959 961 960
f 962 964 963
f 965 967 966
f 968 970 969
f 971 973 972
f 974 976 975
f 977 979 978
f 980 982 981
f 983 985 984
f 986 988 987
f 989 991 990
f 992 994 993
f 995 997 996
f 998 1000 999
f 1001 1003 1002
f 1004 1006 1005
f 1007 1009 1008
f 1010 1012 1011
f 1013 1015 1014
f 1016 1018 1017
f 1019 1021 1020
f 1022 1024 1023
f 1025 1027 1026
f 1028 1030 1029
f 1031 1033 1032
f 1034 1036 1035
f 1037 1039 1038
f 1040 1042 1041
f 1043 1045 1044
f 1046 1048 1047
f 1049 1051 1050
f 1052 1054 1053
f 1055 1057 1056
f 1058 1060 1059
f 1061 1063 1062
f 1064 1066 1065
f 1067 1069 1068
f 1070 1072 1071
f 1073 1075 1074
f 1076 1078 1077
f 1079 1081 1080
f 1082 1084 1083
f 1085 1087 1086
f 1088 1090 1089
f 1091 1093 1092
f 1094 1096 1095
f 1097 1099 1098
f 1100 1102 1101
f 1103 1105 1104
f 1106 1108 1107
f 1109 1111 1110
f 1112 1114 1113
f 1115 1117 1116
f 1118 1120 1119
f 1121 1123 1122
f 1124 1126 1125