v 0.00000 0.83523 0.00000 0.46760 0.94057 1.00000
v 0.00000 0.83523 0.00000 0.46760 0.94057 1.00000
v 0.00000 0.83523 0.00000 0.46760 0.94057 1.00000
v 0.00000 0.83523 0.00000 0.46760 0.94057 1.00000
v 0.00000 0.83523 0.00000 0.46760 0.94057 1.00000
v 0.00000 0.83523 0.00000 0.46760 0.94057 1.00000
v 0.00000 0.83523 0.00000 0.46760 0.94057 1.00000
v 0.00000 0.83523 0.00000 0.46760 0.94057 1.00000
v 0.00000 0.83523 0.00000 0.46760 0.94057 1.00000
v 0.00000 0.83523 0.00000 0.46760 0.94057 1.00000
v 0.00000 0.83523 0.00000 0.46760 0.94057 1.00000
v 0.00000 0.83523 0.00000 0.46760 0.94057 1.00000
v 0.00000 0.83523 0.00000 0.46760 0.94057 1.00000
v 0.00000 0.83523 0.00000 0.46760 0.94057 1.00000
v 0.00000 0.83523 0.00000 0.46760 0.94057 1.00000
v 0.00000 0.83523 0.00000 0.46760 0.94057 1.00000
v 0.00000 0.83523 0.00000 0.46760 0.94057 1.00000
v 0.00000 0.83523 0.00000 0.46760 0.94057 1.00000
v 0.04322 0.83036 0.00000 0.46760 0.94057 1.00000
v 0.04030 0.83036 0.01561 0.46760 0.94057 1.00000
v 0.03194 0.83036 0.02912 0.46760 0.94057 1.00000
v 0.01926 0.83036 0.03869 0.46760 0.94057 1.00000
v 0.00399 0.83036 0.04303 0.46760 0.94057 1.00000
v -0.01183 0.83036 0.04157 0.46760 0.94057 1.00000
v -0.02605 0.83036 0.03449 0.46760 0.94057 1.00000
v -0.03675 0.83036 0.02275 0.46760 0.94057 1.00000
v -0.04248 0.83036 0.00794 0.46760 0.94057 1.00000
v -0.04248 0.83036 -0.00794 0.46760 0.94057 1.00000
v -0.03675 0.83036 -0.02275 0.46760 0.94057 1.00000
v -0.02605 0.83036 -0.03449 0.46760 0.94057 1.00000
v -0.01183 0.83036 -0.04157 0.46760 0.94057 1.00000
v 0.00399 0.83036 -0.04303 0.46760 0.94057 1.00000
v 0.01926 0.83036 -0.03869 0.46760 0.94057 1.00000
v 0.03194 0.83036 -0.02912 0.46760 0.94057 1.00000
v 0.04030 0.83036 -0.01561 0.46760 0.94057 1.00000
v 0.04322 0.83036 -0.00000 0.46760 0.94057 1.00000
v 0.08427 0.81600 0.00000 0.46760 0.94057 1.00000
v 0.07858 0.81600 0.03044 0.46760 0.94057 1.00000
v 0.06228 0.81600 0.05677 0.46760 0.94057 1.00000
v 0.03756 0.81600 0.07544 0.46760 0.94057 1.00000
v 0.00778 0.81600 0.08391 0.46760 0.94057 1.00000
v -0.02306 0.81600 0.08105 0.46760 0.94057 1.00000
v -0.05078 0.81600 0.06725 0.46760 0.94057 1.00000
v -0.07165 0.81600 0.04436 0.46760 0.94057 1.00000
v -0.08284 0.81600 0.01548 0.46760 0.94057 1.00000
v -0.08284 0.81600 -0.01548 0.46760 0.94057 1.00000
v -0.07165 0.81600 -0.04436 0.46760 0.94057 1.00000
v -0.05078 0.81600 -0.06725 0.46760 0.94057 1.00000
v -0.02306 0.81600 -0.08105 0.46760 0.94057 1.00000
v 0.00778 0.81600 -0.08391 0.46760 0.94057 1.00000
v 0.03756 0.81600 -0.07544 0.46760 0.94057 1.00000
v 0.06228 0.81600 -0.05677 0.46760 0.94057 1.00000
v 0.07858 0.81600 -0.03044 0.46760 0.94057 1.00000
v 0.08427 0.81600 -0.00000 0.46760 0.94057 1.00000
v 0.12110 0.79286 0.00000 0.46760 0.94057 1.00000
v 0.11292 0.79286 0.04374 0.46760 0.94057 1.00000
v 0.08949 0.79286 0.08158 0.46760 0.94057 1.00000
v 0.05398 0.79286 0.10840 0.46760 0.94057 1.00000
v 0.01117 0.79286 0.12058 0.46760 0.94057 1.00000
v -0.03314 0.79286 0.11647 0.46760 0.94057 1.00000
v -0.07298 0.79286 0.09664 0.46760 0.94057 1.00000
v -0.10296 0.79286 0.06375 0.46760 0.94057 1.00000
v -0.11903 0.79286 0.02225 0.46760 0.94057 1.00000
v -0.11903 0.79286 -0.02225 0.46760 0.94057 1.00000
v -0.10296 0.79286 -0.06375 0.46760 0.94057 1.00000
v -0.07298 0.79286 -0.09664 0.46760 0.94057 1.00000
v -0.03314 0.79286 -0.11647 0.46760 0.94057 1.00000
v 0.01117 0.79286 -0.12058 0.46760 0.94057 1.00000
v 0.05398 0.79286 -0.10840 0.46760 0.94057 1.00000
v 0.08949 0.79286 -0.08158 0.46760 0.94057 1.00000
v 0.11292 0.79286 -0.04374 0.46760 0.94057 1.00000
v 0.12110 0.79286 -0.00000 0.46760 0.94057 1.00000
v 0.15185 0.76211 0.00000 0.46760 0.94057 1.00000
v 0.14160 0.76211 0.05485 0.46760 0.94057 1.00000
v 0.11222 0.76211 0.10230 0.46760 0.94057 1.00000
v 0.06769 0.76211 0.13593 0.46760 0.94057 1.00000
v 0.01401 0.76211 0.15120 0.46760 0.94057 1.00000
v -0.04156 0.76211 0.14605 0.46760 0.94057 1.00000
v -0.09151 0.76211 0.12118 0.46760 0.94057 1.00000
v -0.12910 0.76211 0.07994 0.46760 0.94057 1.00000
v -0.14926 0.76211 0.02790 0.46760 0.94057 1.00000
v -0.14926 0.76211 -0.02790 0.46760 0.94057 1.00000
v -0.12910 0.76211 -0.07994 0.46760 0.94057 1.00000
v -0.09151 0.76211 -0.12118 0.46760 0.94057 1.00000
v -0.04156 0.76211 -0.14605 0.46760 0.94057 1.00000
v 0.01401 0.76211 -0.15120 0.46760 0.94057 1.00000
v 0.06769 0.76211 -0.13593 0.46760 0.94057 1.00000
v 0.11222 0.76211 -0.10230 0.46760 0.94057 1.00000
v 0.14160 0.76211 -0.05485 0.46760 0.94057 1.00000
v 0.15185 0.76211 -0.00000 0.46760 0.94057 1.00000
v 0.17499 0.72528 0.00000 0.46760 0.94057 1.00000
v 0.16317 0.72528 0.06321 0.46760 0.94057 1.00000
v 0.12932 0.72528 0.11789 0.46760 0.94057 1.00000
v 0.07800 0.72528 0.15664 0.46760 0.94057 1.00000
v 0.01615 0.72528 0.17424 0.46760 0.94057 1.00000
v -0.04789 0.72528 0.16831 0.46760 0.94057 1.00000
v -0.10545 0.72528 0.13964 0.46760 0.94057 1.00000
v -0.14878 0.72528 0.09212 0.46760 0.94057 1.00000
v -0.17201 0.72528 0.03215 0.46760 0.94057 1.00000
v -0.17201 0.72528 -0.03215 0.46760 0.94057 1.00000
v -0.14878 0.72528 -0.09212 0.46760 0.94057 1.00000
v -0.10545 0.72528 -0.13964 0.46760 0.94057 1.00000
v -0.04789 0.72528 -0.16831 0.46760 0.94057 1.00000
v 0.01615 0.72528 -0.17424 0.46760 0.94057 1.00000
v 0.07800 0.72528 -0.15664 0.46760 0.94057 1.00000
v 0.12932 0.72528 -0.11789 0.46760 0.94057 1.00000
v 0.16317 0.72528 -0.06321 0.46760 0.94057 1.00000
v 0.17499 0.72528 -0.00000 0.46760 0.94057 1.00000
v 0.18935 0.68423 0.00000 0.46760 0.94057 1.00000
v 0.17657 0.68423 0.06840 0.46760 0.94057 1.00000
v 0.13993 0.68423 0.12757 0.46760 0.94057 1.00000
v 0.08440 0.68423 0.16950 0.46760 0.94057 1.00000
v 0.01747 0.68423 0.18855 0.46760 0.94057 1.00000
v -0.05182 0.68423 0.18212 0.46760 0.94057 1.00000
v -0.11411 0.68423 0.15111 0.46760 0.94057 1.00000
v -0.16099 0.68423 0.09968 0.46760 0.94057 1.00000
v -0.18613 0.68423 0.03479 0.46760 0.94057 1.00000
v -0.18613 0.68423 -0.03479 0.46760 0.94057 1.00000
v -0.16099 0.68423 -0.09968 0.46760 0.94057 1.00000
v -0.11411 0.68423 -0.15111 0.46760 0.94057 1.00000
v -0.05182 0.68423 -0.18212 0.46760 0.94057 1.00000
v 0.01747 0.68423 -0.18855 0.46760 0.94057 1.00000
v 0.08440 0.68423 -0.16950 0.46760 0.94057 1.00000
v 0.13993 0.68423 -0.12757 0.46760 0.94057 1.00000
v 0.17657 0.68423 -0.06840 0.46760 0.94057 1.00000
v 0.18935 0.68423 -0.00000 0.46760 0.94057 1.00000
v 0.19422 0.64101 0.00000 0.46760 0.94057 1.00000
v 0.18111 0.64101 0.07016 0.46760 0.94057 1.00000
v 0.14353 0.64101 0.13085 0.46760 0.94057 1.00000
v 0.08657 0.64101 0.17386 0.46760 0.94057 1.00000
v 0.01792 0.64101 0.19339 0.46760 0.94057 1.00000
v -0.05315 0.64101 0.18681 0.46760 0.94057 1.00000
v -0.11705 0.64101 0.15499 0.46760 0.94057 1.00000
v -0.16513 0.64101 0.10225 0.46760 0.94057 1.00000
v -0.19092 0.64101 0.03569 0.46760 0.94057 1.00000
v -0.19092 0.64101 -0.03569 0.46760 0.94057 1.00000
v -0.16513 0.64101 -0.10225 0.46760 0.94057 1.00000
v -0.11705 0.64101 -0.15499 0.46760 0.94057 1.00000
v -0.05315 0.64101 -0.18681 0.46760 0.94057 1.00000
v 0.01792 0.64101 -0.19339 0.46760 0.94057 1.00000
v 0.08657 0.64101 -0.17386 0.46760 0.94057 1.00000
v 0.14353 0.64101 -0.13085 0.46760 0.94057 1.00000
v 0.18111 0.64101 -0.07016 0.46760 0.94057 1.00000
v 0.19422 0.64101 -0.00000 0.46760 0.94057 1.00000
v 0.18935 0.59779 0.00000 0.46760 0.94057 1.00000
v 0.17657 0.59779 0.06840 0.46760 0.94057 1.00000
v 0.13993 0.59779 0.12757 0.46760 0.94057 1.00000
v 0.08440 0.59779 0.16950 0.46760 0.94057 1.00000
v 0.01747 0.59779 0.18855 0.46760 0.94057 1.00000
v -0.05182 0.59779 0.18212 0.46760 0.94057 1.00000
v -0.11411 0.59779 0.15111 0.46760 0.94057 1.00000
v -0.16099 0.59779 0.09968 0.46760 0.94057 1.00000
v -0.18613 0.59779 0.03479 0.46760 0.94057 1.00000
v -0.18613 0.59779 -0.03479 0.46760 0.94057 1.00000
v -0.16099 0.59779 -0.09968 0.46760 0.94057 1.00000
v -0.11411 0.59779 -0.15111 0.46760 0.94057 1.00000
v -0.05182 0.59779 -0.18212 0.46760 0.94057 1.00000
v 0.01747 0.59779 -0.18855 0.46760 0.94057 1.00000
v 0.08440 0.59779 -0.16950 0.46760 0.94057 1.00000
v 0.13993 0.59779 -0.12757 0.46760 0.94057 1.00000
v 0.17657 0.59779 -0.06840 0.46760 0.94057 1.00000
v 0.18935 0.59779 -0.00000 0.46760 0.94057 1.00000
v 0.17499 0.55674 0.00000 0.46760 0.94057 1.00000
v 0.16317 0.55674 0.06321 0.46760 0.94057 1.00000
v 0.12932 0.55674 0.11789 0.46760 0.94057 1.00000
v 0.07800 0.55674 0.15664 0.46760 0.94057 1.00000
v 0.01615 0.55674 0.17424 0.46760 0.94057 1.00000
v -0.04789 0.55674 0.16831 0.46760 0.94057 1.00000
v -0.10545 0.55674 0.13964 0.46760 0.94057 1.00000
v -0.14878 0.55674 0.09212 0.46760 0.94057 1.00000
v -0.17201 0.55674 0.03215 0.46760 0.94057 1.00000
v -0.17201 0.55674 -0.03215 0.46760 0.94057 1.00000
v -0.14878 0.55674 -0.09212 0.46760 0.94057 1.00000
v -0.10545 0.55674 -0.13964 0.46760 0.94057 1.00000
v -0.04789 0.55674 -0.16831 0.46760 0.94057 1.00000
v 0.01615 0.55674 -0.17424 0.46760 0.94057 1.00000
v 0.07800 0.55674 -0.15664 0.46760 0.94057 1.00000
v 0.12932 0.55674 -0.11789 0.46760 0.94057 1.00000
v 0.16317 0.55674 -0.06321 0.46760 0.94057 1.00000
v 0.17499 0.55674 -0.00000 0.46760 0.94057 1.00000
v 0.15185 0.51991 0.00000 0.46760 0.94057 1.00000
v 0.14160 0.51991 0.05485 0.46760 0.94057 1.00000
v 0.11222 0.51991 0.10230 0.46760 0.94057 1.00000
v 0.06769 0.51991 0.13593 0.46760 0.94057 1.00000
v 0.01401 0.51991 0.15120 0.46760 0.94057 1.00000
v -0.04156 0.51991 0.14605 0.46760 0.94057 1.00000
v -0.09151 0.51991 0.12118 0.46760 0.94057 1.00000
v -0.12910 0.51991 0.07994 0.46760 0.94057 1.00000
v -0.14926 0.51991 0.02790 0.46760 0.94057 1.00000
v -0.14926 0.51991 -0.02790 0.46760 0.94057 1.00000
v -0.12910 0.51991 -0.07994 0.46760 0.94057 1.00000
v -0.09151 0.51991 -0.12118 0.46760 0.94057 1.00000
v -0.04156 0.51991 -0.14605 0.46760 0.94057 1.00000
v 0.01401 0.51991 -0.15120 0.46760 0.94057 1.00000
v 0.06769 0.51991 -0.13593 0.46760 0.94057 1.00000
v 0.11222 0.51991 -0.10230 0.46760 0.94057 1.00000
v 0.14160 0.51991 -0.05485 0.46760 0.94057 1.00000
v 0.15185 0.51991 -0.00000 0.46760 0.94057 1.00000
v 0.12110 0.48916 0.00000 0.46760 0.94057 1.00000
v 0.11292 0.48916 0.04374 0.46760 0.94057 1.00000
v 0.08949 0.48916 0.08158 0.46760 0.94057 1.00000
v 0.05398 0.48916 0.10840 0.46760 0.94057 1.00000
v 0.01117 0.48916 0.12058 0.46760 0.94057 1.00000
v -0.03314 0.48916 0.11647 0.46760 0.94057 1.00000
v -0.07298 0.48916 0.09664 0.46760 0.94057 1.00000
v -0.10296 0.48916 0.06375 0.46760 0.94057 1.00000
v -0.11903 0.48916 0.02225 0.46760 0.94057 1.00000
v -0.11903 0.48916 -0.02225 0.46760 0.94057 1.00000
v -0.10296 0.48916 -0.06375 0.46760 0.94057 1.00000
v -0.07298 0.48916 -0.09664 0.46760 0.94057 1.00000
v -0.03314 0.48916 -0.11647 0.46760 0.94057 1.00000
v 0.01117 0.48916 -0.12058 0.46760 0.94057 1.00000
v 0.05398 0.48916 -0.10840 0.46760 0.94057 1.00000
v 0.08949 0.48916 -0.08158 0.46760 0.94057 1.00000
v 0.11292 0.48916 -0.04374 0.46760 0.94057 1.00000
v 0.12110 0.48916 -0.00000 0.46760 0.94057 1.00000
v 0.08427 0.46602 0.00000 0.46760 0.94057 1.00000
v 0.07858 0.46602 0.03044 0.46760 0.94057 1.00000
v 0.06228 0.46602 0.05677 0.46760 0.94057 1.00000
v 0.03756 0.46602 0.07544 0.46760 0.94057 1.00000
v 0.00778 0.46602 0.08391 0.46760 0.94057 1.00000
v -0.02306 0.46602 0.08105 0.46760 0.94057 1.00000
v -0.05078 0.46602 0.06725 0.46760 0.94057 1.00000
v -0.07165 0.46602 0.04436 0.46760 0.94057 1.00000
v -0.08284 0.46602 0.01548 0.46760 0.94057 1.00000
v -0.08284 0.46602 -0.01548 0.46760 0.94057 1.00000
v -0.07165 0.46602 -0.04436 0.46760 0.94057 1.00000
v -0.05078 0.46602 -0.06725 0.46760 0.94057 1.00000
v -0.02306 0.46602 -0.08105 0.46760 0.94057 1.00000
v 0.00778 0.46602 -0.08391 0.46760 0.94057 1.00000
v 0.03756 0.46602 -0.07544 0.46760 0.94057 1.00000
v 0.06228 0.46602 -0.05677 0.46760 0.94057 1.00000
v 0.07858 0.46602 -0.03044 0.46760 0.94057 1.00000
v 0.08427 0.46602 -0.00000 0.46760 0.94057 1.00000
v 0.04322 0.45166 0.00000 0.46760 0.94057 1.00000
v 0.04030 0.45166 0.01561 0.46760 0.94057 1.00000
v 0.03194 0.45166 0.02912 0.46760 0.94057 1.00000
v 0.01926 0.45166 0.03869 0.46760 0.94057 1.00000
v 0.00399 0.45166 0.04303 0.46760 0.94057 1.00000
v -0.01183 0.45166 0.04157 0.46760 0.94057 1.00000
v -0.02605 0.45166 0.03449 0.46760 0.94057 1.00000
v -0.03675 0.45166 0.02275 0.46760 0.94057 1.00000
v -0.04248 0.45166 0.00794 0.46760 0.94057 1.00000
v -0.04248 0.45166 -0.00794 0.46760 0.94057 1.00000
v -0.03675 0.45166 -0.02275 0.46760 0.94057 1.00000
v -0.02605 0.45166 -0.03449 0.46760 0.94057 1.00000
v -0.01183 0.45166 -0.04157 0.46760 0.94057 1.00000
v 0.00399 0.45166 -0.04303 0.46760 0.94057 1.00000
v 0.01926 0.45166 -0.03869 0.46760 0.94057 1.00000
v 0.03194 0.45166 -0.02912 0.46760 0.94057 1.00000
v 0.04030 0.45166 -0.01561 0.46760 0.94057 1.00000
v 0.04322 0.45166 -0.00000 0.46760 0.94057 1.00000
v 0.00000 0.44679 0.00000 0.46760 0.94057 1.00000
v 0.00000 0.44679 0.00000 0.46760 0.94057 1.00000
v 0.00000 0.44679 0.00000 0.46760 0.94057 1.00000
v 0.00000 0.44679 0.00000 0.46760 0.94057 1.00000
v 0.00000 0.44679 0.00000 0.46760 0.94057 1.00000
v 0.00000 0.44679 0.00000 0.46760 0.94057 1.00000
v 0.00000 0.44679 0.00000 0.46760 0.94057 1.00000
v 0.00000 0.44679 0.00000 0.46760 0.94057 1.00000
v 0.00000 0.44679 0.00000 0.46760 0.94057 1.00000
v 0.00000 0.44679 0.00000 0.46760 0.94057 1.00000
v 0.00000 0.44679 0.00000 0.46760 0.94057 1.00000
v 0.00000 0.44679 0.00000 0.46760 0.94057 1.00000
v 0.00000 0.44679 0.00000 0.46760 0.94057 1.00000
v 0.00000 0.44679 0.00000 0.46760 0.94057 1.00000
v 0.00000 0.44679 0.00000 0.46760 0.94057 1.00000
v 0.00000 0.44679 0.00000 0.46760 0.94057 1.00000
v 0.00000 0.44679 0.00000 0.46760 0.94057 1.00000
v 0.00000 0.44679 0.00000 0.46760 0.94057 1.00000
v -0.28251 0.19077 0.00000 0.46760 0.94057 1.00000
v -0.28251 0.19077 0.00000 0.46760 0.94057 1.00000
v -0.28251 0.19077 0.00000 0.46760 0.94057 1.00000
v -0.28251 0.19077 0.00000 0.46760 0.94057 1.00000
v -0.28251 0.19077 0.00000 0.46760 0.94057 1.00000
v -0.28251 0.19077 0.00000 0.46760 0.94057 1.00000
v -0.28251 0.19077 0.00000 0.46760 0.94057 1.00000
v -0.28251 0.19077 0.00000 0.46760 0.94057 1.00000
v -0.28251 0.19077 0.00000 0.46760 0.94057 1.00000
v -0.28251 0.19077 0.00000 0.46760 0.94057 1.00000
v -0.28251 0.19077 0.00000 0.46760 0.94057 1.00000
v -0.28251 0.19077 0.00000 0.46760 0.94057 1.00000
v -0.28251 0.19077 0.00000 0.46760 0.94057 1.00000
v -0.26341 0.18774 0.00000 0.46760 0.94057 1.00000
v -0.26597 0.18774 0.00955 0.46760 0.94057 1.00000
v -0.27296 0.18774 0.01654 0.46760 0.94057 1.00000
v -0.28251 0.18774 0.01910 0.46760 0.94057 1.00000
v -0.29205 0.18774 0.01654 0.46760 0.94057 1.00000
v -0.29904 0.18774 0.00955 0.46760 0.94057 1.00000
v -0.30160 0.18774 0.00000 0.46760 0.94057 1.00000
v -0.29904 0.18774 -0.00955 0.46760 0.94057 1.00000
v -0.29205 0.18774 -0.01654 0.46760 0.94057 1.00000
v -0.28251 0.18774 -0.01910 0.46760 0.94057 1.00000
v -0.27296 0.18774 -0.01654 0.46760 0.94057 1.00000
v -0.26597 0.18774 -0.00955 0.46760 0.94057 1.00000
v -0.26341 0.18774 -0.00000 0.46760 0.94057 1.00000
v -0.24618 0.17896 0.00000 0.46760 0.94057 1.00000
v -0.25105 0.17896 0.01816 0.46760 0.94057 1.00000
v -0.26434 0.17896 0.03146 0.46760 0.94057 1.00000
v -0.28251 0.17896 0.03632 0.46760 0.94057 1.00000
v -0.30067 0.17896 0.03146 0.46760 0.94057 1.00000
v -0.31396 0.17896 0.01816 0.46760 0.94057 1.00000
v -0.31883 0.17896 0.00000 0.46760 0.94057 1.00000
v -0.31396 0.17896 -0.01816 0.46760 0.94057 1.00000
v -0.30067 0.17896 -0.03146 0.46760 0.94057 1.00000
v -0.28251 0.17896 -0.03632 0.46760 0.94057 1.00000
v -0.26434 0.17896 -0.03146 0.46760 0.94057 1.00000
v -0.25105 0.17896 -0.01816 0.46760 0.94057 1.00000
v -0.24618 0.17896 -0.00000 0.46760 0.94057 1.00000
v -0.23251 0.16529 0.00000 0.46760 0.94057 1.00000
v -0.23921 0.16529 0.02500 0.46760 0.94057 1.00000
v -0.25751 0.16529 0.04330 0.46760 0.94057 1.00000
v -0.28251 0.16529 0.05000 0.46760 0.94057 1.00000
v -0.30750 0.16529 0.04330 0.46760 0.94057 1.00000
v -0.32580 0.16529 0.02500 0.46760 0.94057 1.00000
v -0.33250 0.16529 0.00000 0.46760 0.94057 1.00000
v -0.32580 0.16529 -0.02500 0.46760 0.94057 1.00000
v -0.30750 0.16529 -0.04330 0.46760 0.94057 1.00000
v -0.28251 0.16529 -0.05000 0.46760 0.94057 1.00000
v -0.25751 0.16529 -0.04330 0.46760 0.94057 1.00000
v -0.23921 0.16529 -0.02500 0.46760 0.94057 1.00000
v -0.23251 0.16529 -0.00000 0.46760 0.94057 1.00000
v -0.22373 0.14806 0.00000 0.46760 0.94057 1.00000
v -0.23161 0.14806 0.02939 0.46760 0.94057 1.00000
v -0.25312 0.14806 0.05090 0.46760 0.94057 1.00000
v -0.28251 0.14806 0.05877 0.46760 0.94057 1.00000
v -0.31189 0.14806 0.05090 0.46760 0.94057 1.00000
v -0.33341 0.14806 0.02939 0.46760 0.94057 1.00000
v -0.34128 0.14806 0.00000 0.46760 0.94057 1.00000
v -0.33341 0.14806 -0.02939 0.46760 0.94057 1.00000
v -0.31189 0.14806 -0.05090 0.46760 0.94057 1.00000
v -0.28251 0.14806 -0.05877 0.46760 0.94057 1.00000
v -0.25312 0.14806 -0.05090 0.46760 0.94057 1.00000
v -0.23161 0.14806 -0.02939 0.46760 0.94057 1.00000
v -0.22373 0.14806 -0.00000 0.46760 0.94057 1.00000
v -0.22071 0.12897 0.00000 0.46760 0.94057 1.00000
v -0.22899 0.12897 0.03090 0.46760 0.94057 1.00000
v -0.25161 0.12897 0.05352 0.46760 0.94057 1.00000
v -0.28251 0.12897 0.06180 0.46760 0.94057 1.00000
v -0.31340 0.12897 0.05352 0.46760 0.94057 1.00000
v -0.33602 0.12897 0.03090 0.46760 0.94057 1.00000
v -0.34430 0.12897 0.00000 0.46760 0.94057 1.00000
v -0.33602 0.12897 -0.03090 0.46760 0.94057 1.00000
v -0.31340 0.12897 -0.05352 0.46760 0.94057 1.00000
v -0.28251 0.12897 -0.06180 0.46760 0.94057 1.00000
v -0.25161 0.12897 -0.05352 0.46760 0.94057 1.00000
v -0.22899 0.12897 -0.03090 0.46760 0.94057 1.00000
v -0.22071 0.12897 -0.00000 0.46760 0.94057 1.00000
v -0.22373 0.10987 0.00000 0.46760 0.94057 1.00000
v -0.23161 0.10987 0.02939 0.46760 0.94057 1.00000
v -0.25312 0.10987 0.05090 0.46760 0.94057 1.00000
v -0.28251 0.10987 0.05877 0.46760 0.94057 1.00000
v -0.31189 0.10987 0.05090 0.46760 0.94057 1.00000
v -0.33341 0.10987 0.02939 0.46760 0.94057 1.00000
v -0.34128 0.10987 0.00000 0.46760 0.94057 1.00000
v -0.33341 0.10987 -0.02939 0.46760 0.94057 1.00000
v -0.31189 0.10987 -0.05090 0.46760 0.94057 1.00000
v -0.28251 0.10987 -0.05877 0.46760 0.94057 1.00000
v -0.25312 0.10987 -0.05090 0.46760 0.94057 1.00000
v -0.23161 0.10987 -0.02939 0.46760 0.94057 1.00000
v -0.22373 0.10987 -0.00000 0.46760 0.94057 1.00000
v -0.23251 0.09264 0.00000 0.46760 0.94057 1.00000
v -0.23921 0.09264 0.02500 0.46760 0.94057 1.00000
v -0.25751 0.09264 0.04330 0.46760 0.94057 1.00000
v -0.28251 0.09264 0.05000 0.46760 0.94057 1.00000
v -0.30750 0.09264 0.04330 0.46760 0.94057 1.00000
v -0.32580 0.09264 0.02500 0.46760 0.94057 1.00000
v -0.33250 0.09264 0.00000 0.46760 0.94057 1.00000
v -0.32580 0.09264 -0.02500 0.46760 0.94057 1.00000
v -0.30750 0.09264 -0.04330 0.46760 0.94057 1.00000
v -0.28251 0.09264 -0.05000 0.46760 0.94057 1.00000
v -0.25751 0.09264 -0.04330 0.46760 0.94057 1.00000
v -0.23921 0.09264 -0.02500 0.46760 0.94057 1.00000
v -0.23251 0.09264 -0.00000 0.46760 0.94057 1.00000
v -0.24618 0.07897 0.00000 0.46760 0.94057 1.00000
v -0.25105 0.07897 0.01816 0.46760 0.94057 1.00000
v -0.26434 0.07897 0.03146 0.46760 0.94057 1.00000
v -0.28251 0.07897 0.03632 0.46760 0.94057 1.00000
v -0.30067 0.07897 0.03146 0.46760 0.94057 1.00000
v -0.31396 0.07897 0.01816 0.46760 0.94057 1.00000
v -0.31883 0.07897 0.00000 0.46760 0.94057 1.00000
v -0.31396 0.07897 -0.01816 0.46760 0.94057 1.00000
v -0.30067 0.07897 -0.03146 0.46760 0.94057 1.00000
v -0.28251 0.07897 -0.03632 0.46760 0.94057 1.00000
v -0.26434 0.07897 -0.03146 0.46760 0.94057 1.00000
v -0.25105 0.07897 -0.01816 0.46760 0.94057 1.00000
v -0.24618 0.07897 -0.00000 0.46760 0.94057 1.00000
v -0.26341 0.07019 0.00000 0.46760 0.94057 1.00000
v -0.26597 0.07019 0.00955 0.46760 0.94057 1.00000
v -0.27296 0.07019 0.01654 0.46760 0.94057 1.00000
v -0.28251 0.07019 0.01910 0.46760 0.94057 1.00000
v -0.29205 0.07019 0.01654 0.46760 0.94057 1.00000
v -0.29904 0.07019 0.00955 0.46760 0.94057 1.00000
v -0.30160 0.07019 0.00000 0.46760 0.94057 1.00000
v -0.29904 0.07019 -0.00955 0.46760 0.94057 1.00000
v -0.29205 0.07019 -0.01654 0.46760 0.94057 1.00000
v -0.28251 0.07019 -0.01910 0.46760 0.94057 1.00000
v -0.27296 0.07019 -0.01654 0.46760 0.94057 1.00000
v -0.26597 0.07019 -0.00955 0.46760 0.94057 1.00000
v -0.26341 0.07019 -0.00000 0.46760 0.94057 1.00000
v -0.28251 0.06717 0.00000 0.46760 0.94057 1.00000
v -0.28251 0.06717 0.00000 0.46760 0.94057 1.00000
v -0.28251 0.06717 0.00000 0.46760 0.94057 1.00000
v -0.28251 0.06717 0.00000 0.46760 0.94057 1.00000
v -0.28251 0.06717 0.00000 0.46760 0.94057 1.00000
v -0.28251 0.06717 0.00000 0.46760 0.94057 1.00000
v -0.28251 0.06717 0.00000 0.46760 0.94057 1.00000
v -0.28251 0.06717 0.00000 0.46760 0.94057 1.00000
v -0.28251 0.06717 0.00000 0.46760 0.94057 1.00000
v -0.28251 0.06717 0.00000 0.46760 0.94057 1.00000
v -0.28251 0.06717 0.00000 0.46760 0.94057 1.00000
v -0.28251 0.06717 0.00000 0.46760 0.94057 1.00000
v -0.28251 0.06717 0.00000 0.46760 0.94057 1.00000
v -0.08730 0.23228 0.26868 0.46760 0.94057 1.00000
v -0.08730 0.23228 0.26868 0.46760 0.94057 1.00000
v -0.08730 0.23228 0.26868 0.46760 0.94057 1.00000
v -0.08730 0.23228 0.26868 0.46760 0.94057 1.00000
v -0.08730 0.23228 0.26868 0.46760 0.94057 1.00000
v -0.08730 0.23228 0.26868 0.46760 0.94057 1.00000
v -0.08730 0.23228 0.26868 0.46760 0.94057 1.00000
v -0.08730 0.23228 0.26868 0.46760 0.94057 1.00000
v -0.08730 0.23228 0.26868 0.46760 0.94057 1.00000
v -0.08730 0.23228 0.26868 0.46760 0.94057 1.00000
v -0.08730 0.23228 0.26868 0.46760 0.94057 1.00000
v -0.08730 0.23228 0.26868 0.46760 0.94057 1.00000
v -0.08730 0.23228 0.26868 0.46760 0.94057 1.00000
v -0.06820 0.22925 0.26868 0.46760 0.94057 1.00000
v -0.07076 0.22925 0.27823 0.46760 0.94057 1.00000
v -0.07775 0.22925 0.28522 0.46760 0.94057 1.00000
v -0.08730 0.22925 0.28778 0.46760 0.94057 1.00000
v -0.09685 0.22925 0.28522 0.46760 0.94057 1.00000
v -0.10384 0.22925 0.27823 0.46760 0.94057 1.00000
v -0.10640 0.22925 0.26868 0.46760 0.94057 1.00000
v -0.10384 0.22925 0.25913 0.46760 0.94057 1.00000
v -0.09685 0.22925 0.25214 0.46760 0.94057 1.00000
v -0.08730 0.22925 0.24958 0.46760 0.94057 1.00000
v -0.07775 0.22925 0.25214 0.46760 0.94057 1.00000
v -0.07076 0.22925 0.25913 0.46760 0.94057 1.00000
v -0.06820 0.22925 0.26868 0.46760 0.94057 1.00000
v -0.05098 0.22048 0.26868 0.46760 0.94057 1.00000
v -0.05584 0.22048 0.28684 0.46760 0.94057 1.00000
v -0.06914 0.22048 0.30014 0.46760 0.94057 1.00000
v -0.08730 0.22048 0.30500 0.46760 0.94057 1.00000
v -0.10546 0.22048 0.30014 0.46760 0.94057 1.00000
v -0.11876 0.22048 0.28684 0.46760 0.94057 1.00000
v -0.12362 0.22048 0.26868 0.46760 0.94057 1.00000
v -0.11876 0.22048 0.25052 0.46760 0.94057 1.00000
v -0.10546 0.22048 0.23722 0.46760 0.94057 1.00000
v -0.08730 0.22048 0.23235 0.46760 0.94057 1.00000
v -0.06914 0.22048 0.23722 0.46760 0.94057 1.00000
v -0.05584 0.22048 0.25052 0.46760 0.94057 1.00000
v -0.05098 0.22048 0.26868 0.46760 0.94057 1.00000
v -0.03730 0.20681 0.26868 0.46760 0.94057 1.00000
v -0.04400 0.20681 0.29368 0.46760 0.94057 1.00000
v -0.06230 0.20681 0.31198 0.46760 0.94057 1.00000
v -0.08730 0.20681 0.31867 0.46760 0.94057 1.00000
v -0.11230 0.20681 0.31198 0.46760 0.94057 1.00000
v -0.13060 0.20681 0.29368 0.46760 0.94057 1.00000
v -0.13729 0.20681 0.26868 0.46760 0.94057 1.00000
v -0.13060 0.20681 0.24368 0.46760 0.94057 1.00000
v -0.11230 0.20681 0.22538 0.46760 0.94057 1.00000
v -0.08730 0.20681 0.21868 0.46760 0.94057 1.00000
v -0.06230 0.20681 0.22538 0.46760 0.94057 1.00000
v -0.04400 0.20681 0.24368 0.46760 0.94057 1.00000
v -0.03730 0.20681 0.26868 0.46760 0.94057 1.00000
v -0.02853 0.18958 0.26868 0.46760 0.94057 1.00000
v -0.03640 0.18958 0.29807 0.46760 0.94057 1.00000
v -0.05791 0.18958 0.31958 0.46760 0.94057 1.00000
v -0.08730 0.18958 0.32745 0.46760 0.94057 1.00000
v -0.11669 0.18958 0.31958 0.46760 0.94057 1.00000
v -0.13820 0.18958 0.29807 0.46760 0.94057 1.00000
v -0.14607 0.18958 0.26868 0.46760 0.94057 1.00000
v -0.13820 0.18958 0.23929 0.46760 0.94057 1.00000
v -0.11669 0.18958 0.21778 0.46760 0.94057 1.00000
v -0.08730 0.18958 0.20991 0.46760 0.94057 1.00000
v -0.05791 0.18958 0.21778 0.46760 0.94057 1.00000
v -0.03640 0.18958 0.23929 0.46760 0.94057 1.00000
v -0.02853 0.18958 0.26868 0.46760 0.94057 1.00000
v -0.02550 0.17048 0.26868 0.46760 0.94057 1.00000
v -0.03378 0.17048 0.29958 0.46760 0.94057 1.00000
v -0.05640 0.17048 0.32220 0.46760 0.94057 1.00000
v -0.08730 0.17048 0.33048 0.46760 0.94057 1.00000
v -0.11820 0.17048 0.32220 0.46760 0.94057 1.00000
v -0.14082 0.17048 0.29958 0.46760 0.94057 1.00000
v -0.14910 0.17048 0.26868 0.46760 0.94057 1.00000
v -0.14082 0.17048 0.23778 0.46760 0.94057 1.00000
v -0.11820 0.17048 0.21516 0.46760 0.94057 1.00000
v -0.08730 0.17048 0.20688 0.46760 0.94057 1.00000
v -0.05640 0.17048 0.21516 0.46760 0.94057 1.00000
v -0.03378 0.17048 0.23778 0.46760 0.94057 1.00000
v -0.02550 0.17048 0.26868 0.46760 0.94057 1.00000
v -0.02853 0.15138 0.26868 0.46760 0.94057 1.00000
v -0.03640 0.15138 0.29807 0.46760 0.94057 1.00000
v -0.05791 0.15138 0.31958 0.46760 0.94057 1.00000
v -0.08730 0.15138 0.32745 0.46760 0.94057 1.00000
v -0.11669 0.15138 0.31958 0.46760 0.94057 1.00000
v -0.13820 0.15138 0.29807 0.46760 0.94057 1.00000
v -0.14607 0.15138 0.26868 0.46760 0.94057 1.00000
v -0.13820 0.15138 0.23929 0.46760 0.94057 1.00000
v -0.11669 0.15138 0.21778 0.46760 0.94057 1.00000
v -0.08730 0.15138 0.20991 0.46760 0.94057 1.00000
v -0.05791 0.15138 0.21778 0.46760 0.94057 1.00000
v -0.03640 0.15138 0.23929 0.46760 0.94057 1.00000
v -0.02853 0.15138 0.26868 0.46760 0.94057 1.00000
v -0.03730 0.13416 0.26868 0.46760 0.94057 1.00000
v -0.04400 0.13416 0.29368 0.46760 0.94057 1.00000
v -0.06230 0.13416 0.31198 0.46760 0.94057 1.00000
v -0.08730 0.13416 0.31867 0.46760 0.94057 1.00000
v -0.11230 0.13416 0.31198 0.46760 0.94057 1.00000
v -0.13060 0.13416 0.29368 0.46760 0.94057 1.00000
v -0.13729 0.13416 0.26868 0.46760 0.94057 1.00000
v -0.13060 0.13416 0.24368 0.46760 0.94057 1.00000
v -0.11230 0.13416 0.22538 0.46760 0.94057 1.00000
v -0.08730 0.13416 0.21868 0.46760 0.94057 1.00000
v -0.06230 0.13416 0.22538 0.46760 0.94057 1.00000
v -0.04400 0.13416 0.24368 0.46760 0.94057 1.00000
v -0.03730 0.13416 0.26868 0.46760 0.94057 1.00000
v -0.05098 0.12049 0.26868 0.46760 0.94057 1.00000
v -0.05584 0.12049 0.28684 0.46760 0.94057 1.00000
v -0.06914 0.12049 0.30014 0.46760 0.94057 1.00000
v -0.08730 0.12049 0.30500 0.46760 0.94057 1.00000
v -0.10546 0.12049 0.30014 0.46760 0.94057 1.00000
v -0.11876 0.12049 0.28684 0.46760 0.94057 1.00000
v -0.12362 0.12049 0.26868 0.46760 0.94057 1.00000
v -0.11876 0.12049 0.25052 0.46760 0.94057 1.00000
v -0.10546 0.12049 0.23722 0.46760 0.94057 1.00000
v -0.08730 0.12049 0.23235 0.46760 0.94057 1.00000
v -0.06914 0.12049 0.23722 0.46760 0.94057 1.00000
v -0.05584 0.12049 0.25052 0.46760 0.94057 1.00000
v -0.05098 0.12049 0.26868 0.46760 0.94057 1.00000
v -0.06820 0.11171 0.26868 0.46760 0.94057 1.00000
v -0.07076 0.11171 0.27823 0.46760 0.94057 1.00000
v -0.07775 0.11171 0.28522 0.46760 0.94057 1.00000
v -0.08730 0.11171 0.28778 0.46760 0.94057 1.00000
v -0.09685 0.11171 0.28522 0.46760 0.94057 1.00000
v -0.10384 0.11171 0.27823 0.46760 0.94057 1.00000
v -0.10640 0.11171 0.26868 0.46760 0.94057 1.00000
v -0.10384 0.11171 0.25913 0.46760 0.94057 1.00000
v -0.09685 0.11171 0.25214 0.46760 0.94057 1.00000
v -0.08730 0.11171 0.24958 0.46760 0.94057 1.00000
v -0.07775 0.11171 0.25214 0.46760 0.94057 1.00000
v -0.07076 0.11171 0.25913 0.46760 0.94057 1.00000
v -0.06820 0.11171 0.26868 0.46760 0.94057 1.00000
v -0.08730 0.10868 0.26868 0.46760 0.94057 1.00000
v -0.08730 0.10868 0.26868 0.46760 0.94057 1.00000
v -0.08730 0.10868 0.26868 0.46760 0.94057 1.00000
v -0.08730 0.10868 0.26868 0.46760 0.94057 1.00000
v -0.08730 0.10868 0.26868 0.46760 0.94057 1.00000
v -0.08730 0.10868 0.26868 0.46760 0.94057 1.00000
v -0.08730 0.10868 0.26868 0.46760 0.94057 1.00000
v -0.08730 0.10868 0.26868 0.46760 0.94057 1.00000
v -0.08730 0.10868 0.26868 0.46760 0.94057 1.00000
v -0.08730 0.10868 0.26868 0.46760 0.94057 1.00000
v -0.08730 0.10868 0.26868 0.46760 0.94057 1.00000
v -0.08730 0.10868 0.26868 0.46760 0.94057 1.00000
v -0.08730 0.10868 0.26868 0.46760 0.94057 1.00000
v 0.22855 0.12360 0.16605 0.46760 0.94057 1.00000
v 0.22855 0.12360 0.16605 0.46760 0.94057 1.00000
v 0.22855 0.12360 0.16605 0.46760 0.94057 1.00000
v 0.22855 0.12360 0.16605 0.46760 0.94057 1.00000
v 0.22855 0.12360 0.16605 0.46760 0.94057 1.00000
v 0.22855 0.12360 0.16605 0.46760 0.94057 1.00000
v 0.22855 0.12360 0.16605 0.46760 0.94057 1.00000
v 0.22855 0.12360 0.16605 0.46760 0.94057 1.00000
v 0.22855 0.12360 0.16605 0.46760 0.94057 1.00000
v 0.22855 0.12360 0.16605 0.46760 0.94057 1.00000
v 0.22855 0.12360 0.16605 0.46760 0.94057 1.00000
v 0.22855 0.12360 0.16605 0.46760 0.94057 1.00000
v 0.22855 0.12360 0.16605 0.46760 0.94057 1.00000
v 0.24765 0.12057 0.16605 0.46760 0.94057 1.00000
v 0.24509 0.12057 0.17560 0.46760 0.94057 1.00000
v 0.23810 0.12057 0.18259 0.46760 0.94057 1.00000
v 0.22855 0.12057 0.18515 0.46760 0.94057 1.00000
v 0.21900 0.12057 0.18259 0.46760 0.94057 1.00000
v 0.21201 0.12057 0.17560 0.46760 0.94057 1.00000
v 0.20946 0.12057 0.16605 0.46760 0.94057 1.00000
v 0.21201 0.12057 0.15650 0.46760 0.94057 1.00000
v 0.21900 0.12057 0.14951 0.46760 0.94057 1.00000
v 0.22855 0.12057 0.14696 0.46760 0.94057 1.00000
v 0.23810 0.12057 0.14951 0.46760 0.94057 1.00000
v 0.24509 0.12057 0.15650 0.46760 0.94057 1.00000
v 0.24765 0.12057 0.16605 0.46760 0.94057 1.00000
v 0.26488 0.11179 0.16605 0.46760 0.94057 1.00000
v 0.26001 0.11179 0.18421 0.46760 0.94057 1.00000
v 0.24671 0.11179 0.19751 0.46760 0.94057 1.00000
v 0.22855 0.11179 0.20238 0.46760 0.94057 1.00000
v 0.21039 0.11179 0.19751 0.46760 0.94057 1.00000
v 0.19709 0.11179 0.18421 0.46760 0.94057 1.00000
v 0.19223 0.11179 0.16605 0.46760 0.94057 1.00000
v 0.19709 0.11179 0.14789 0.46760 0.94057 1.00000
v 0.21039 0.11179 0.13460 0.46760 0.94057 1.00000
v 0.22855 0.11179 0.12973 0.46760 0.94057 1.00000
v 0.24671 0.11179 0.13460 0.46760 0.94057 1.00000
v 0.26001 0.11179 0.14789 0.46760 0.94057 1.00000
v 0.26488 0.11179 0.16605 0.46760 0.94057 1.00000
v 0.27855 0.09812 0.16605 0.46760 0.94057 1.00000
v 0.27185 0.09812 0.19105 0.46760 0.94057 1.00000
v 0.25355 0.09812 0.20935 0.46760 0.94057 1.00000
v 0.22855 0.09812 0.21605 0.46760 0.94057 1.00000
v 0.20355 0.09812 0.20935 0.46760 0.94057 1.00000
v 0.18525 0.09812 0.19105 0.46760 0.94057 1.00000
v 0.17856 0.09812 0.16605 0.46760 0.94057 1.00000
v 0.18525 0.09812 0.14105 0.46760 0.94057 1.00000
v 0.20355 0.09812 0.12276 0.46760 0.94057 1.00000
v 0.22855 0.09812 0.11606 0.46760 0.94057 1.00000
v 0.25355 0.09812 0.12276 0.46760 0.94057 1.00000
v 0.27185 0.09812 0.14105 0.46760 0.94057 1.00000
v 0.27855 0.09812 0.16605 0.46760 0.94057 1.00000
v 0.28733 0.08089 0.16605 0.46760 0.94057 1.00000
v 0.27945 0.08089 0.19544 0.46760 0.94057 1.00000
v 0.25794 0.08089 0.21695 0.46760 0.94057 1.00000
v 0.22855 0.08089 0.22483 0.46760 0.94057 1.00000
v 0.19917 0.08089 0.21695 0.46760 0.94057 1.00000
v 0.17765 0.08089 0.19544 0.46760 0.94057 1.00000
v 0.16978 0.08089 0.16605 0.46760 0.94057 1.00000
v 0.17765 0.08089 0.13667 0.46760 0.94057 1.00000
v 0.19917 0.08089 0.11515 0.46760 0.94057 1.00000
v 0.22855 0.08089 0.10728 0.46760 0.94057 1.00000
v 0.25794 0.08089 0.11515 0.46760 0.94057 1.00000
v 0.27945 0.08089 0.13667 0.46760 0.94057 1.00000
v 0.28733 0.08089 0.16605 0.46760 0.94057 1.00000
v 0.29035 0.06180 0.16605 0.46760 0.94057 1.00000
v 0.28207 0.06180 0.19695 0.46760 0.94057 1.00000
v 0.25945 0.06180 0.21957 0.46760 0.94057 1.00000
v 0.22855 0.06180 0.22785 0.46760 0.94057 1.00000
v 0.19765 0.06180 0.21957 0.46760 0.94057 1.00000
v 0.17503 0.06180 0.19695 0.46760 0.94057 1.00000
v 0.16675 0.06180 0.16605 0.46760 0.94057 1.00000
v 0.17503 0.06180 0.13515 0.46760 0.94057 1.00000
v 0.19765 0.06180 0.11253 0.46760 0.94057 1.00000
v 0.22855 0.06180 0.10425 0.46760 0.94057 1.00000
v 0.25945 0.06180 0.11253 0.46760 0.94057 1.00000
v 0.28207 0.06180 0.13515 0.46760 0.94057 1.00000
v 0.29035 0.06180 0.16605 0.46760 0.94057 1.00000
v 0.28733 0.04270 0.16605 0.46760 0.94057 1.00000
v 0.27945 0.04270 0.19544 0.46760 0.94057 1.00000
v 0.25794 0.04270 0.21695 0.46760 0.94057 1.00000
v 0.22855 0.04270 0.22483 0.46760 0.94057 1.00000
v 0.19917 0.04270 0.21695 0.46760 0.94057 1.00000
v 0.17765 0.04270 0.19544 0.46760 0.94057 1.00000
v 0.16978 0.04270 0.16605 0.46760 0.94057 1.00000
v 0.17765 0.04270 0.13667 0.46760 0.94057 1.00000
v 0.19917 0.04270 0.11515 0.46760 0.94057 1.00000
v 0.22855 0.04270 0.10728 0.46760 0.94057 1.00000
v 0.25794 0.04270 0.11515 0.46760 0.94057 1.00000
v 0.27945 0.04270 0.13667 0.46760 0.94057 1.00000
v 0.28733 0.04270 0.16605 0.46760 0.94057 1.00000
v 0.27855 0.02547 0.16605 0.46760 0.94057 1.00000
v 0.27185 0.02547 0.19105 0.46760 0.94057 1.00000
v 0.25355 0.02547 0.20935 0.46760 0.94057 1.00000
v 0.22855 0.02547 0.21605 0.46760 0.94057 1.00000
v 0.20355 0.02547 0.20935 0.46760 0.94057 1.00000
v 0.18525 0.02547 0.19105 0.46760 0.94057 1.00000
v 0.17856 0.02547 0.16605 0.46760 0.94057 1.00000
v 0.18525 0.02547 0.14105 0.46760 0.94057 1.00000
v 0.20355 0.02547 0.12276 0.46760 0.94057 1.00000
v 0.22855 0.02547 0.11606 0.46760 0.94057 1.00000
v 0.25355 0.02547 0.12276 0.46760 0.94057 1.00000
v 0.27185 0.02547 0.14105 0.46760 0.94057 1.00000
v 0.27855 0.02547 0.16605 0.46760 0.94057 1.00000
v 0.26488 0.01180 0.16605 0.46760 0.94057 1.00000
v 0.26001 0.01180 0.18421 0.46760 0.94057 1.00000
v 0.24671 0.01180 0.19751 0.46760 0.94057 1.00000
v 0.22855 0.01180 0.20238 0.46760 0.94057 1.00000
v 0.21039 0.01180 0.19751 0.46760 0.94057 1.00000
v 0.19709 0.01180 0.18421 0.46760 0.94057 1.00000
v 0.19223 0.01180 0.16605 0.46760 0.94057 1.00000
v 0.19709 0.01180 0.14789 0.46760 0.94057 1.00000
v 0.21039 0.01180 0.13460 0.46760 0.94057 1.00000
v 0.22855 0.01180 0.12973 0.46760 0.94057 1.00000
v 0.24671 0.01180 0.13460 0.46760 0.94057 1.00000
v 0.26001 0.01180 0.14789 0.46760 0.94057 1.00000
v 0.26488 0.01180 0.16605 0.46760 0.94057 1.00000
v 0.24765 0.00302 0.16605 0.46760 0.94057 1.00000
v 0.24509 0.00302 0.17560 0.46760 0.94057 1.00000
v 0.23810 0.00302 0.18259 0.46760 0.94057 1.00000
v 0.22855 0.00302 0.18515 0.46760 0.94057 1.00000
v 0.21900 0.00302 0.18259 0.46760 0.94057 1.00000
v 0.21201 0.00302 0.17560 0.46760 0.94057 1.00000
v 0.20946 0.00302 0.16605 0.46760 0.94057 1.00000
v 0.21201 0.00302 0.15650 0.46760 0.94057 1.00000
v 0.21900 0.00302 0.14951 0.46760 0.94057 1.00000
v 0.22855 0.00302 0.14696 0.46760 0.94057 1.00000
v 0.23810 0.00302 0.14951 0.46760 0.94057 1.00000
v 0.24509 0.00302 0.15650 0.46760 0.94057 1.00000
v 0.24765 0.00302 0.16605 0.46760 0.94057 1.00000
v 0.22855 0.00000 0.16605 0.46760 0.94057 1.00000
v 0.22855 0.00000 0.16605 0.46760 0.94057 1.00000
v 0.22855 0.00000 0.16605 0.46760 0.94057 1.00000
v 0.22855 0.00000 0.16605 0.46760 0.94057 1.00000
v 0.22855 0.00000 0.16605 0.46760 0.94057 1.00000
v 0.22855 0.00000 0.16605 0.46760 0.94057 1.00000
v 0.22855 0.00000 0.16605 0.46760 0.94057 1.00000
v 0.22855 0.00000 0.16605 0.46760 0.94057 1.00000
v 0.22855 0.00000 0.16605 0.46760 0.94057 1.00000
v 0.22855 0.00000 0.16605 0.46760 0.94057 1.00000
v 0.22855 0.00000 0.16605 0.46760 0.94057 1.00000
v 0.22855 0.00000 0.16605 0.46760 0.94057 1.00000
v 0.22855 0.00000 0.16605 0.46760 0.94057 1.00000
v 0.22855 0.25794 -0.16605 0.46760 0.94057 1.00000
v 0.22855 0.25794 -0.16605 0.46760 0.94057 1.00000
v 0.22855 0.25794 -0.16605 0.46760 0.94057 1.00000
v 0.22855 0.25794 -0.16605 0.46760 0.94057 1.00000
v 0.22855 0.25794 -0.16605 0.46760 0.94057 1.00000
v 0.22855 0.25794 -0.16605 0.46760 0.94057 1.00000
v 0.22855 0.25794 -0.16605 0.46760 0.94057 1.00000
v 0.22855 0.25794 -0.16605 0.46760 0.94057 1.00000
v 0.22855 0.25794 -0.16605 0.46760 0.94057 1.00000
v 0.22855 0.25794 -0.16605 0.46760 0.94057 1.00000
v 0.22855 0.25794 -0.16605 0.46760 0.94057 1.00000
v 0.22855 0.25794 -0.16605 0.46760 0.94057 1.00000
v 0.22855 0.25794 -0.16605 0.46760 0.94057 1.00000
v 0.24765 0.25491 -0.16605 0.46760 0.94057 1.00000
v 0.24509 0.25491 -0.15650 0.46760 0.94057 1.00000
v 0.23810 0.25491 -0.14951 0.46760 0.94057 1.00000
v 0.22855 0.25491 -0.14696 0.46760 0.94057 1.00000
v 0.21900 0.25491 -0.14951 0.46760 0.94057 1.00000
v 0.21201 0.25491 -0.15650 0.46760 0.94057 1.00000
v 0.20946 0.25491 -0.16605 0.46760 0.94057 1.00000
v 0.21201 0.25491 -0.17560 0.46760 0.94057 1.00000
v 0.21900 0.25491 -0.18259 0.46760 0.94057 1.00000
v 0.22855 0.25491 -0.18515 0.46760 0.94057 1.00000
v 0.23810 0.25491 -0.18259 0.46760 0.94057 1.00000
v 0.24509 0.25491 -0.17560 0.46760 0.94057 1.00000
v 0.24765 0.25491 -0.16605 0.46760 0.94057 1.00000
v 0.26488 0.24613 -0.16605 0.46760 0.94057 1.00000
v 0.26001 0.24613 -0.14789 0.46760 0.94057 1.00000
v 0.24671 0.24613 -0.13460 0.46760 0.94057 1.00000
v 0.22855 0.24613 -0.12973 0.46760 0.94057 1.00000
v 0.21039 0.24613 -0.13460 0.46760 0.94057 1.00000
v 0.19709 0.24613 -0.14789 0.46760 0.94057 1.00000
v 0.19223 0.24613 -0.16605 0.46760 0.94057 1.00000
v 0.19709 0.24613 -0.18421 0.46760 0.94057 1.00000
v 0.21039 0.24613 -0.19751 0.46760 0.94057 1.00000
v 0.22855 0.24613 -0.20238 0.46760 0.94057 1.00000
v 0.24671 0.24613 -0.19751 0.46760 0.94057 1.00000
v 0.26001 0.24613 -0.18421 0.46760 0.94057 1.00000
v 0.26488 0.24613 -0.16605 0.46760 0.94057 1.00000
v 0.27855 0.23246 -0.16605 0.46760 0.94057 1.00000
v 0.27185 0.23246 -0.14105 0.46760 0.94057 1.00000
v 0.25355 0.23246 -0.12276 0.46760 0.94057 1.00000
v 0.22855 0.23246 -0.11606 0.46760 0.94057 1.00000
v 0.20355 0.23246 -0.12276 0.46760 0.94057 1.00000
v 0.18525 0.23246 -0.14105 0.46760 0.94057 1.00000
v 0.17856 0.23246 -0.16605 0.46760 0.94057 1.00000
v 0.18525 0.23246 -0.19105 0.46760 0.94057 1.00000
v 0.20355 0.23246 -0.20935 0.46760 0.94057 1.00000
v 0.22855 0.23246 -0.21605 0.46760 0.94057 1.00000
v 0.25355 0.23246 -0.20935 0.46760 0.94057 1.00000
v 0.27185 0.23246 -0.19105 0.46760 0.94057 1.00000
v 0.27855 0.23246 -0.16605 0.46760 0.94057 1.00000
v 0.28733 0.21523 -0.16605 0.46760 0.94057 1.00000
v 0.27945 0.21523 -0.13667 0.46760 0.94057 1.00000
v 0.25794 0.21523 -0.11515 0.46760 0.94057 1.00000
v 0.22855 0.21523 -0.10728 0.46760 0.94057 1.00000
v 0.19917 0.21523 -0.11515 0.46760 0.94057 1.00000
v 0.17765 0.21523 -0.13667 0.46760 0.94057 1.00000
v 0.16978 0.21523 -0.16605 0.46760 0.94057 1.00000
v 0.17765 0.21523 -0.19544 0.46760 0.94057 1.00000
v 0.19917 0.21523 -0.21695 0.46760 0.94057 1.00000
v 0.22855 0.21523 -0.22483 0.46760 0.94057 1.00000
v 0.25794 0.21523 -0.21695 0.46760 0.94057 1.00000
v 0.27945 0.21523 -0.19544 0.46760 0.94057 1.00000
v 0.28733 0.21523 -0.16605 0.46760 0.94057 1.00000
v 0.29035 0.19614 -0.16605 0.46760 0.94057 1.00000
v 0.28207 0.19614 -0.13515 0.46760 0.94057 1.00000
v 0.25945 0.19614 -0.11253 0.46760 0.94057 1.00000
v 0.22855 0.19614 -0.10425 0.46760 0.94057 1.00000
v 0.19765 0.19614 -0.11253 0.46760 0.94057 1.00000
v 0.17503 0.19614 -0.13515 0.46760 0.94057 1.00000
v 0.16675 0.19614 -0.16605 0.46760 0.94057 1.00000
v 0.17503 0.19614 -0.19695 0.46760 0.94057 1.00000
v 0.19765 0.19614 -0.21957 0.46760 0.94057 1.00000
v 0.22855 0.19614 -0.22785 0.46760 0.94057 1.00000
v 0.25945 0.19614 -0.21957 0.46760 0.94057 1.00000
v 0.28207 0.19614 -0.19695 0.46760 0.94057 1.00000
v 0.29035 0.19614 -0.16605 0.46760 0.94057 1.00000
v 0.28733 0.17704 -0.16605 0.46760 0.94057 1.00000
v 0.27945 0.17704 -0.13667 0.46760 0.94057 1.00000
v 0.25794 0.17704 -0.11515 0.46760 0.94057 1.00000
v 0.22855 0.17704 -0.10728 0.46760 0.94057 1.00000
v 0.19917 0.17704 -0.11515 0.46760 0.94057 1.00000
v 0.17765 0.17704 -0.13667 0.46760 0.94057 1.00000
v 0.16978 0.17704 -0.16605 0.46760 0.94057 1.00000
v 0.17765 0.17704 -0.19544 0.46760 0.94057 1.00000
v 0.19917 0.17704 -0.21695 0.46760 0.94057 1.00000
v 0.22855 0.17704 -0.22483 0.46760 0.94057 1.00000
v 0.25794 0.17704 -0.21695 0.46760 0.94057 1.00000
v 0.27945 0.17704 -0.19544 0.46760 0.94057 1.00000
v 0.28733 0.17704 -0.16605 0.46760 0.94057 1.00000
v 0.27855 0.15981 -0.16605 0.46760 0.94057 1.00000
v 0.27185 0.15981 -0.14105 0.46760 0.94057 1.00000
v 0.25355 0.15981 -0.12276 0.46760 0.94057 1.00000
v 0.22855 0.15981 -0.11606 0.46760 0.94057 1.00000
v 0.20355 0.15981 -0.12276 0.46760 0.94057 1.00000
v 0.18525 0.15981 -0.14105 0.46760 0.94057 1.00000
v 0.17856 0.15981 -0.16605 0.46760 0.94057 1.00000
v 0.18525 0.15981 -0.19105 0.46760 0.94057 1.00000
v 0.20355 0.15981 -0.20935 0.46760 0.94057 1.00000
v 0.22855 0.15981 -0.21605 0.46760 0.94057 1.00000
v 0.25355 0.15981 -0.20935 0.46760 0.94057 1.00000
v 0.27185 0.15981 -0.19105 0.46760 0.94057 1.00000
v 0.27855 0.15981 -0.16605 0.46760 0.94057 1.00000
v 0.26488 0.14614 -0.16605 0.46760 0.94057 1.00000
v 0.26001 0.14614 -0.14789 0.46760 0.94057 1.00000
v 0.24671 0.14614 -0.13460 0.46760 0.94057 1.00000
v 0.22855 0.14614 -0.12973 0.46760 0.94057 1.00000
v 0.21039 0.14614 -0.13460 0.46760 0.94057 1.00000
v 0.19709 0.14614 -0.14789 0.46760 0.94057 1.00000
v 0.19223 0.14614 -0.16605 0.46760 0.94057 1.00000
v 0.19709 0.14614 -0.18421 0.46760 0.94057 1.00000
v 0.21039 0.14614 -0.19751 0.46760 0.94057 1.00000
v 0.22855 0.14614 -0.20238 0.46760 0.94057 1.00000
v 0.24671 0.14614 -0.19751 0.46760 0.94057 1.00000
v 0.26001 0.14614 -0.18421 0.46760 0.94057 1.00000
v 0.26488 0.14614 -0.16605 0.46760 0.94057 1.00000
v 0.24765 0.13736 -0.16605 0.46760 0.94057 1.00000
v 0.24509 0.13736 -0.15650 0.46760 0.94057 1.00000
v 0.23810 0.13736 -0.14951 0.46760 0.94057 1.00000
v 0.22855 0.13736 -0.14696 0.46760 0.94057 1.00000
v 0.21900 0.13736 -0.14951 0.46760 0.94057 1.00000
v 0.21201 0.13736 -0.15650 0.46760 0.94057 1.00000
v 0.20946 0.13736 -0.16605 0.46760 0.94057 1.00000
v 0.21201 0.13736 -0.17560 0.46760 0.94057 1.00000
v 0.21900 0.13736 -0.18259 0.46760 0.94057 1.00000
v 0.22855 0.13736 -0.18515 0.46760 0.94057 1.00000
v 0.23810 0.13736 -0.18259 0.46760 0.94057 1.00000
v 0.24509 0.13736 -0.17560 0.46760 0.94057 1.00000
v 0.24765 0.13736 -0.16605 0.46760 0.94057 1.00000
v 0.22855 0.13434 -0.16605 0.46760 0.94057 1.00000
v 0.22855 0.13434 -0.16605 0.46760 0.94057 1.00000
v 0.22855 0.13434 -0.16605 0.46760 0.94057 1.00000
v 0.22855 0.13434 -0.16605 0.46760 0.94057 1.00000
v 0.22855 0.13434 -0.16605 0.46760 0.94057 1.00000
v 0.22855 0.13434 -0.16605 0.46760 0.94057 1.00000
v 0.22855 0.13434 -0.16605 0.46760 0.94057 1.00000
v 0.22855 0.13434 -0.16605 0.46760 0.94057 1.00000
v 0.22855 0.13434 -0.16605 0.46760 0.94057 1.00000
v 0.22855 0.13434 -0.16605 0.46760 0.94057 1.00000
v 0.22855 0.13434 -0.16605 0.46760 0.94057 1.00000
v 0.22855 0.13434 -0.16605 0.46760 0.94057 1.00000
v 0.22855 0.13434 -0.16605 0.46760 0.94057 1.00000
v -0.08730 0.14925 -0.26868 0.46760 0.94057 1.00000
v -0.08730 0.14925 -0.26868 0.46760 0.94057 1.00000
v -0.08730 0.14925 -0.26868 0.46760 0.94057 1.00000
v -0.08730 0.14925 -0.26868 0.46760 0.94057 1.00000
v -0.08730 0.14925 -0.26868 0.46760 0.94057 1.00000
v -0.08730 0.14925 -0.26868 0.46760 0.94057 1.00000
v -0.08730 0.14925 -0.26868 0.46760 0.94057 1.00000
v -0.08730 0.14925 -0.26868 0.46760 0.94057 1.00000
v -0.08730 0.14925 -0.26868 0.46760 0.94057 1.00000
v -0.08730 0.14925 -0.26868 0.46760 0.94057 1.00000
v -0.08730 0.14925 -0.26868 0.46760 0.94057 1.00000
v -0.08730 0.14925 -0.26868 0.46760 0.94057 1.00000
v -0.08730 0.14925 -0.26868 0.46760 0.94057 1.00000
v -0.06820 0.14623 -0.26868 0.46760 0.94057 1.00000
v -0.07076 0.14623 -0.25913 0.46760 0.94057 1.00000
v -0.07775 0.14623 -0.25214 0.46760 0.94057 1.00000
v -0.08730 0.14623 -0.24958 0.46760 0.94057 1.00000
v -0.09685 0.14623 -0.25214 0.46760 0.94057 1.00000
v -0.10384 0.14623 -0.25913 0.46760 0.94057 1.00000
v -0.10640 0.14623 -0.26868 0.46760 0.94057 1.00000
v -0.10384 0.14623 -0.27823 0.46760 0.94057 1.00000
v -0.09685 0.14623 -0.28522 0.46760 0.94057 1.00000
v -0.08730 0.14623 -0.28778 0.46760 0.94057 1.00000
v -0.07775 0.14623 -0.28522 0.46760 0.94057 1.00000
v -0.07076 0.14623 -0.27823 0.46760 0.94057 1.00000
v -0.06820 0.14623 -0.26868 0.46760 0.94057 1.00000
v -0.05098 0.13745 -0.26868 0.46760 0.94057 1.00000
v -0.05584 0.13745 -0.25052 0.46760 0.94057 1.00000
v -0.06914 0.13745 -0.23722 0.46760 0.94057 1.00000
v -0.08730 0.13745 -0.23235 0.46760 0.94057 1.00000
v -0.10546 0.13745 -0.23722 0.46760 0.94057 1.00000
v -0.11876 0.13745 -0.25052 0.46760 0.94057 1.00000
v -0.12362 0.13745 -0.26868 0.46760 0.94057 1.00000
v -0.11876 0.13745 -0.28684 0.46760 0.94057 1.00000
v -0.10546 0.13745 -0.30014 0.46760 0.94057 1.00000
v -0.08730 0.13745 -0.30500 0.46760 0.94057 1.00000
v -0.06914 0.13745 -0.30014 0.46760 0.94057 1.00000
v -0.05584 0.13745 -0.28684 0.46760 0.94057 1.00000
v -0.05098 0.13745 -0.26868 0.46760 0.94057 1.00000
v -0.03730 0.12378 -0.26868 0.46760 0.94057 1.00000
v -0.04400 0.12378 -0.24368 0.46760 0.94057 1.00000
v -0.06230 0.12378 -0.22538 0.46760 0.94057 1.00000
v -0.08730 0.12378 -0.21868 0.46760 0.94057 1.00000
v -0.11230 0.12378 -0.22538 0.46760 0.94057 1.00000
v -0.13060 0.12378 -0.24368 0.46760 0.94057 1.00000
v -0.13729 0.12378 -0.26868 0.46760 0.94057 1.00000
v -0.13060 0.12378 -0.29368 0.46760 0.94057 1.00000
v -0.11230 0.12378 -0.31198 0.46760 0.94057 1.00000
v -0.08730 0.12378 -0.31867 0.46760 0.94057 1.00000
v -0.06230 0.12378 -0.31198 0.46760 0.94057 1.00000
v -0.04400 0.12378 -0.29368 0.46760 0.94057 1.00000
v -0.03730 0.12378 -0.26868 0.46760 0.94057 1.00000
v -0.02853 0.10655 -0.26868 0.46760 0.94057 1.00000
v -0.03640 0.10655 -0.23929 0.46760 0.94057 1.00000
v -0.05791 0.10655 -0.21778 0.46760 0.94057 1.00000
v -0.08730 0.10655 -0.20991 0.46760 0.94057 1.00000
v -0.11669 0.10655 -0.21778 0.46760 0.94057 1.00000
v -0.13820 0.10655 -0.23929 0.46760 0.94057 1.00000
v -0.14607 0.10655 -0.26868 0.46760 0.94057 1.00000
v -0.13820 0.10655 -0.29807 0.46760 0.94057 1.00000
v -0.11669 0.10655 -0.31958 0.46760 0.94057 1.00000
v -0.08730 0.10655 -0.32745 0.46760 0.94057 1.00000
v -0.05791 0.10655 -0.31958 0.46760 0.94057 1.00000
v -0.03640 0.10655 -0.29807 0.46760 0.94057 1.00000
v -0.02853 0.10655 -0.26868 0.46760 0.94057 1.00000
v -0.02550 0.08745 -0.26868 0.46760 0.94057 1.00000
v -0.03378 0.08745 -0.23778 0.46760 0.94057 1.00000
v -0.05640 0.08745 -0.21516 0.46760 0.94057 1.00000
v -0.08730 0.08745 -0.20688 0.46760 0.94057 1.00000
v -0.11820 0.08745 -0.21516 0.46760 0.94057 1.00000
v -0.14082 0.08745 -0.23778 0.46760 0.94057 1.00000
v -0.14910 0.08745 -0.26868 0.46760 0.94057 1.00000
v -0.14082 0.08745 -0.29958 0.46760 0.94057 1.00000
v -0.11820 0.08745 -0.32220 0.46760 0.94057 1.00000
v -0.08730 0.08745 -0.33048 0.46760 0.94057 1.00000
v -0.05640 0.08745 -0.32220 0.46760 0.94057 1.00000
v -0.03378 0.08745 -0.29958 0.46760 0.94057 1.00000
v -0.02550 0.08745 -0.26868 0.46760 0.94057 1.00000
v -0.02853 0.06836 -0.26868 0.46760 0.94057 1.00000
v -0.03640 0.06836 -0.23929 0.46760 0.94057 1.00000
v -0.05791 0.06836 -0.21778 0.46760 0.94057 1.00000
v -0.08730 0.06836 -0.20991 0.46760 0.94057 1.00000
v -0.11669 0.06836 -0.21778 0.46760 0.94057 1.00000
v -0.13820 0.06836 -0.23929 0.46760 0.94057 1.00000
v -0.14607 0.06836 -0.26868 0.46760 0.94057 1.00000
v -0.13820 0.06836 -0.29807 0.46760 0.94057 1.00000
v -0.11669 0.06836 -0.31958 0.46760 0.94057 1.00000
v -0.08730 0.06836 -0.32745 0.46760 0.94057 1.00000
v -0.05791 0.06836 -0.31958 0.46760 0.94057 1.00000
v -0.03640 0.06836 -0.29807 0.46760 0.94057 1.00000
v -0.02853 0.06836 -0.26868 0.46760 0.94057 1.00000
v -0.03730 0.05113 -0.26868 0.46760 0.94057 1.00000
v -0.04400 0.05113 -0.24368 0.46760 0.94057 1.00000
v -0.06230 0.05113 -0.22538 0.46760 0.94057 1.00000
v -0.08730 0.05113 -0.21868 0.46760 0.94057 1.00000
v -0.11230 0.05113 -0.22538 0.46760 0.94057 1.00000
v -0.13060 0.05113 -0.24368 0.46760 0.94057 1.00000
v -0.13729 0.05113 -0.26868 0.46760 0.94057 1.00000
v -0.13060 0.05113 -0.29368 0.46760 0.94057 1.00000
v -0.11230 0.05113 -0.31198 0.46760 0.94057 1.00000
v -0.08730 0.05113 -0.31867 0.46760 0.94057 1.00000
v -0.06230 0.05113 -0.31198 0.46760 0.94057 1.00000
v -0.04400 0.05113 -0.29368 0.46760 0.94057 1.00000
v -0.03730 0.05113 -0.26868 0.46760 0.94057 1.00000
v -0.05098 0.03746 -0.26868 0.46760 0.94057 1.00000
v -0.05584 0.03746 -0.25052 0.46760 0.94057 1.00000
v -0.06914 0.03746 -0.23722 0.46760 0.94057 1.00000
v -0.08730 0.03746 -0.23235 0.46760 0.94057 1.00000
v -0.10546 0.03746 -0.23722 0.46760 0.94057 1.00000
v -0.11876 0.03746 -0.25052 0.46760 0.94057 1.00000
v -0.12362 0.03746 -0.26868 0.46760 0.94057 1.00000
v -0.11876 0.03746 -0.28684 0.46760 0.94057 1.00000
v -0.10546 0.03746 -0.30014 0.46760 0.94057 1.00000
v -0.08730 0.03746 -0.30500 0.46760 0.94057 1.00000
v -0.06914 0.03746 -0.30014 0.46760 0.94057 1.00000
v -0.05584 0.03746 -0.28684 0.46760 0.94057 1.00000
v -0.05098 0.03746 -0.26868 0.46760 0.94057 1.00000
v -0.06820 0.02868 -0.26868 0.46760 0.94057 1.00000
v -0.07076 0.02868 -0.25913 0.46760 0.94057 1.00000
v -0.07775 0.02868 -0.25214 0.46760 0.94057 1.00000
v -0.08730 0.02868 -0.24958 0.46760 0.94057 1.00000
v -0.09685 0.02868 -0.25214 0.46760 0.94057 1.00000
v -0.10384 0.02868 -0.25913 0.46760 0.94057 1.00000
v -0.10640 0.02868 -0.26868 0.46760 0.94057 1.00000
v -0.10384 0.02868 -0.27823 0.46760 0.94057 1.00000
v -0.09685 0.02868 -0.28522 0.46760 0.94057 1.00000
v -0.08730 0.02868 -0.28778 0.46760 0.94057 1.00000
v -0.07775 0.02868 -0.28522 0.46760 0.94057 1.00000
v -0.07076 0.02868 -0.27823 0.46760 0.94057 1.00000
v -0.06820 0.02868 -0.26868 0.46760 0.94057 1.00000
v -0.08730 0.02566 -0.26868 0.46760 0.94057 1.00000
v -0.08730 0.02566 -0.26868 0.46760 0.94057 1.00000
v -0.08730 0.02566 -0.26868 0.46760 0.94057 1.00000
v -0.08730 0.02566 -0.26868 0.46760 0.94057 1.00000
v -0.08730 0.02566 -0.26868 0.46760 0.94057 1.00000
v -0.08730 0.02566 -0.26868 0.46760 0.94057 1.00000
v -0.08730 0.02566 -0.26868 0.46760 0.94057 1.00000
v -0.08730 0.02566 -0.26868 0.46760 0.94057 1.00000
v -0.08730 0.02566 -0.26868 0.46760 0.94057 1.00000
v -0.08730 0.02566 -0.26868 0.46760 0.94057 1.00000
v -0.08730 0.02566 -0.26868 0.46760 0.94057 1.00000
v -0.08730 0.02566 -0.26868 0.46760 0.94057 1.00000
v -0.08730 0.02566 -0.26868 0.46760 0.94057 1.00000
f 1 20 19
f 2 21 20
f 3 22 21
f 4 23 22
f 5 24 23
f 6 25 24
f 7 26 25
f 8 27 26
f 9 28 27
f 10 29 28
f 11 30 29
f 12 31 30
f 13 32 31
f 14 33 32
f 15 34 33
f 16 35 34
f 17 36 35
f 20 38 19
f 19 38 37
f 21 39 20
f 20 39 38
f 22 40 21
f 21 40 39
f 23 41 22
f 22 41 40
f 24 42 23
f 23 42 41
f 25 43 24
f 24 43 42
f 26 44 25
f 25 44 43
f 27 45 26
f 26 45 44
f 28 46 27
f 27 46 45
f 29 47 28
f 28 47 46
f 30 48 29
f 29 48 47
f 31 49 30
f 30 49 48
f 32 50 31
f 31 50 49
f 33 51 32
f 32 51 50
f 34 52 33
f 33 52 51
f 35 53 34
f 34 53 52
f 36 54 35
f 35 54 53
f 38 56 37
f 37 56 55
f 39 57 38
f 38 57 56
f 40 58 39
f 39 58 57
f 41 59 40
f 40 59 58
f 42 60 41
f 41 60 59
f 43 61 42
f 42 61 60
f 44 62 43
f 43 62 61
f 45 63 44
f 44 63 62
f 46 64 45
f 45 64 63
f 47 65 46
f 46 65 64
f 48 66 47
f 47 66 65
f 49 67 48
f 48 67 66
f 50 68 49
f 49 68 67
f 51 69 50
f 50 69 68
f 52 70 51
f 51 70 69
f 53 71 52
f 52 71 70
f 54 72 53
f 53 72 71
f 56 74 55
f 55 74 73
f 57 75 56
f 56 75 74
f 58 76 57
f 57 76 75
f 59 77 58
f 58 77 76
f 60 78 59
f 59 78 77
f 61 79 60
f 60 79 78
f 62 80 61
f 61 80 79
f 63 81 62
f 62 81 80
f 64 82 63
f 63 82 81
f 65 83 64
f 64 83 82
f 66 84 65
f 65 84 83
f 67 85 66
f 66 85 84
f 68 86 67
f 67 86 85
f 69 87 68
f 68 87 86
f 70 88 69
f 69 88 87
f 71 89 70
f 70 89 88
f 72 90 71
f 71 90 89
f 74 92 73
f 73 92 91
f 75 93 74
f 74 93 92
f 76 94 75
f 75 94 93
f 77 95 76
f 76 95 94
f 78 96 77
f 77 96 95
f 79 97 78
f 78 97 96
f 80 98 79
f 79 98 97
f 81 99 80
f 80 99 98
f 82 100 81
f 81 100 99
f 83 101 82
f 82 101 100
f 84 102 83
f 83 102 101
f 85 103 84
f 84 103 102
f 86 104 85
f 85 104 103
f 87 105 86
f 86 105 104
f 88 106 87
f 87 106 105
f 89 107 88
f 88 107 106
f 90 108 89
f 89 108 107
f 92 110 91
f 91 110 109
f 93 111 92
f 92 111 110
f 94 112 93
f 93 112 111
f 95 113 94
f 94 113 112
f 96 114 95
f 95 114 113
f 97 115 96
f 96 115 114
f 98 116 97
f 97 116 115
f 99 117 98
f 98 117 116
f 100 118 99
f 99 118 117
f 101 119 100
f 100 119 118
f 102 120 101
f 101 120 119
f 103 121 102
f 102 121 120
f 104 122 103
f 103 122 121
f 105 123 104
f 104 123 122
f 106 124 105
f 105 124 123
f 107 125 106
f 106 125 124
f 108 126 107
f 107 126 125
f 110 128 109
f 109 128 127
f 111 129 110
f 110 129 128
f 112 130 111
f 111 130 129
f 113 131 112
f 112 131 130
f 114 132 113
f 113 132 131
f 115 133 114
f 114 133 132
f 116 134 115
f 115 134 133
f 117 135 116
f 116 135 134
f 118 136 117
f 117 136 135
f 119 137 118
f 118 137 136
f 120 138 119
f 119 138 137
f 121 139 120
f 120 139 138
f 122 140 121
f 121 140 139
f 123 141 122
f 122 141 140
f 124 142 123
f 123 142 141
f 125 143 124
f 124 143 142
f 126 144 125
f 125 144 143
f 128 146 127
f 127 146 145
f 129 147 128
f 128 147 146
f 130 148 129
f 129 148 147
f 131 149 130
f 130 149 148
f 132 150 131
f 131 150 149
f 133 151 132
f 132 151 150
f 134 152 133
f 133 152 151
f 135 153 134
f 134 153 152
f 136 154 135
f 135 154 153
f 137 155 136
f 136 155 154
f 138 156 137
f 137 156 155
f 139 157 138
f 138 157 156
f 140 158 139
f 139 158 157
f 141 159 140
f 140 159 158
f 142 160 141
f 141 160 159
f 143 161 142
f 142 161 160
f 144 162 143
f 143 162 161
f 146 164 145
f 145 164 163
f 147 165 146
f 146 165 164
f 148 166 147
f 147 166 165
f 149 167 148
f 148 167 166
f 150 168 149
f 149 168 167
f 151 169 150
f 150 169 168
f 152 170 151
f 151 170 169
f 153 171 152
f 152 171 170
f 154 172 153
f 153 172 171
f 155 173 154
f 154 173 172
f 156 174 155
f 155 174 173
f 157 175 156
f 156 175 174
f 158 176 157
f 157 176 175
f 159 177 158
f 158 177 176
f 160 178 159
f 159 178 177
f 161 179 160
f 160 179 178
f 162 180 161
f 161 180 179
f 164 182 163
f 163 182 181
f 165 183 164
f 164 183 182
f 166 184 165
f 165 184 183
f 167 185 166
f 166 185 184
f 168 186 167
f 167 186 185
f 169 187 168
f 168 187 186
f 170 188 169
f 169 188 187
f 171 189 170
f 170 189 188
f 172 190 171
f 171 190 189
f 173 191 172
f 172 191 190
f 174 192 173
f 173 192 191
f 175 193 174
f 174 193 192
f 176 194 175
f 175 194 193
f 177 195 176
f 176 195 194
f 178 196 177
f 177 196 195
f 179 197 178
f 178 197 196
f 180 198 179
f 179 198 197
f 182 200 181
f 181 200 199
f 183 201 182
f 182 201 200
f 184 202 183
f 183 202 201
f 185 203 184
f 184 203 202
f 186 204 185
f 185 204 203
f 187 205 186
f 186 205 204
f 188 206 187
f 187 206 205
f 189 207 188
f 188 207 206
f 190 208 189
f 189 208 207
f 191 209 190
f 190 209 208
f 192 210 191
f 191 210 209
f 193 211 192
f 192 211 210
f 194 212 193
f 193 212 211
f 195 213 194
f 194 213 212
f 196 214 195
f 195 214 213
f 197 215 196
f 196 215 214
f 198 216 197
f 197 216 215
f 200 218 199
f 199 218 217
f 201 219 200
f 200 219 218
f 202 220 201
f 201 220 219
f 203 221 202
f 202 221 220
f 204 222 203
f 203 222 221
f 205 223 204
f 204 223 222
f 206 224 205
f 205 224 223
f 207 225 206
f 206 225 224
f 208 226 207
f 207 226 225
f 209 227 208
f 208 227 226
f 210 228 209
f 209 228 227
f 211 229 210
f 210 229 228
f 212 230 211
f 211 230 229
f 213 231 212
f 212 231 230
f 214 232 213
f 213 232 231
f 215 233 214
f 214 233 232
f 216 234 215
f 215 234 233
f 218 236 217
f 217 236 235
f 219 237 218
f 218 237 236
f 220 238 219
f 219 238 237
f 221 239 220
f 220 239 238
f 222 240 221
f 221 240 239
f 223 241 222
f 222 241 240
f 224 242 223
f 223 242 241
f 225 243 224
f 224 243 242
f 226 244 225
f 225 244 243
f 227 245 226
f 226 245 244
f 228 246 227
f 227 246 245
f 229 247 228
f 228 247 246
f 230 248 229
f 229 248 247
f 231 249 230
f 230 249 248
f 232 250 231
f 231 250 249
f 233 251 232
f 232 251 250
f 234 252 233
f 233 252 251
f 236 254 235
f 237 255 236
f 238 256 237
f 239 257 238
f 240 258 239
f 241 259 240
f 242 260 241
f 243 261 242
f 244 262 243
f 245 263 244
f 246 264 245
f 247 265 246
f 248 266 247
f 249 267 248
f 250 268 249
f 251 269 250
f 252 270 251
f 271 285 284
f 272 286 285
f 273 287 286
f 274 288 287
f 275 289 288
f 276 290 289
f 277 291 290
f 278 292 291
f 279 293 292
f 280 294 293
f 281 295 294
f 282 296 295
f 285 298 284
f 284 298 297
f 286 299 285
f 285 299 298
f 287 300 286
f 286 300 299
f 288 301 287
f 287 301 300
f 289 302 288
f 288 302 301
f 290 303 289
f 289 303 302
f 291 304 290
f 290 304 303
f 292 305 291
f 291 305 304
f 293 306 292
f 292 306 305
f 294 307 293
f 293 307 306
f 295 308 294
f 294 308 307
f 296 309 295
f 295 309 308
f 298 311 297
f 297 311 310
f 299 312 298
f 298 312 311
f 300 313 299
f 299 313 312
f 301 314 300
f 300 314 313
f 302 315 301
f 301 315 314
f 303 316 302
f 302 316 315
f 304 317 303
f 303 317 316
f 305 318 304
f 304 318 317
f 306 319 305
f 305 319 318
f 307 320 306
f 306 320 319
f 308 321 307
f 307 321 320
f 309 322 308
f 308 322 321
f 311 324 310
f 310 324 323
f 312 325 311
f 311 325 324
f 313 326 312
f 312 326 325
f 314 327 313
f 313 327 326
f 315 328 314
f 314 328 327
f 316 329 315
f 315 329 328
f 317 330 316
f 316 330 329
f 318 331 317
f 317 331 330
f 319 332 318
f 318 332 331
f 320 333 319
f 319 333 332
f 321 334 320
f 320 334 333
f 322 335 321
f 321 335 334
f 324 337 323
f 323 337 336
f 325 338 324
f 324 338 337
f 326 339 325
f 325 339 338
f 327 340 326
f 326 340 339
f 328 341 327
f 327 341 340
f 329 342 328
f 328 342 341
f 330 343 329
f 329 343 342
f 331 344 330
f 330 344 343
f 332 345 331
f 331 345 344
f 333 346 332
f 332 346 345
f 334 347 333
f 333 347 346
f 335 348 334
f 334 348 347
f 337 350 336
f 336 350 349
f 338 351 337
f 337 351 350
f 339 352 338
f 338 352 351
f 340 353 339
f 339 353 352
f 341 354 340
f 340 354 353
f 342 355 341
f 341 355 354
f 343 356 342
f 342 356 355
f 344 357 343
f 343 357 356
f 345 358 344
f 344 358 357
f 346 359 345
f 345 359 358
f 347 360 346
f 346 360 359
f 348 361 347
f 347 361 360
f 350 363 349
f 349 363 362
f 351 364 350
f 350 364 363
f 352 365 351
f 351 365 364
f 353 366 352
f 352 366 365
f 354 367 353
f 353 367 366
f 355 368 354
f 354 368 367
f 356 369 355
f 355 369 368
f 357 370 356
f 356 370 369
f 358 371 357
f 357 371 370
f 359 372 358
f 358 372 371
f 360 373 359
f 359 373 372
f 361 374 360
f 360 374 373
f 363 376 362
f 362 376 375
f 364 377 363
f 363 377 376
f 365 378 364
f 364 378 377
f 366 379 365
f 365 379 378
f 367 380 366
f 366 380 379
f 368 381 367
f 367 381 380
f 369 382 368
f 368 382 381
f 370 383 369
f 369 383 382
f 371 384 370
f 370 384 383
f 372 385 371
f 371 385 384
f 373 386 372
f 372 386 385
f 374 387 373
f 373 387 386
f 376 389 375
f 375 389 388
f 377 390 376
f 376 390 389
f 378 391 377
f 377 391 390
f 379 392 378
f 378 392 391
f 380 393 379
f 379 393 392
f 381 394 380
f 380 394 393
f 382 395 381
f 381 395 394
f 383 396 382
f 382 396 395
f 384 397 383
f 383 397 396
f 385 398 384
f 384 398 397
f 386 399 385
f 385 399 398
f 387 400 386
f 386 400 399
f 389 402 388
f 390 403 389
f 391 404 390
f 392 405 391
f 393 406 392
f 394 407 393
f 395 408 394
f 396 409 395
f 397 410 396
f 398 411 397
f 399 412 398
f 400 413 399
f 414 428 427
f 415 429 428
f 416 430 429
f 417 431 430
f 418 432 431
f 419 433 432
f 420 434 433
f 421 435 434
f 422 436 435
f 423 437 436
f 424 438 437
f 425 439 438
f 428 441 427
f 427 441 440
f 429 442 428
f 428 442 441
f 430 443 429
f 429 443 442
f 431 444 430
f 430 444 443
f 432 445 431
f 431 445 444
f 433 446 432
f 432 446 445
f 434 447 433
f 433 447 446
f 435 448 434
f 434 448 447
f 436 449 435
f 435 449 448
f 437 450 436
f 436 450 449
f 438 451 437
f 437 451 450
f 439 452 438
f 438 452 451
f 441 454 440
f 440 454 453
f 442 455 441
f 441 455 454
f 443 456 442
f 442 456 455
f 444 457 443
f 443 457 456
f 445 458 444
f 444 458 457
f 446 459 445
f 445 459 458
f 447 460 446
f 446 460 459
f 448 461 447
f 447 461 460
f 449 462 448
f 448 462 461
f 450 463 449
f 449 463 462
f 451 464 450
f 450 464 463
f 452 465 451
f 451 465 464
f 454 467 453
f 453 467 466
f 455 468 454
f 454 468 467
f 456 469 455
f 455 469 468
f 457 470 456
f 456 470 469
f 458 471 457
f 457 471 470
f 459 472 458
f 458 472 471
f 460 473 459
f 459 473 472
f 461 474 460
f 460 474 473
f 462 475 461
f 461 475 474
f 463 476 462
f 462 476 475
f 464 477 463
f 463 477 476
f 465 478 464
f 464 478 477
f 467 480 466
f 466 480 479
f 468 481 467
f 467 481 480
f 469 482 468
f 468 482 481
f 470 483 469
f 469 483 482
f 471 484 470
f 470 484 483
f 472 485 471
f 471 485 484
f 473 486 472
f 472 486 485
f 474 487 473
f 473 487 486
f 475 488 474
f 474 488 487
f 476 489 475
f 475 489 488
f 477 490 476
f 476 490 489
f 478 491 477
f 477 491 490
f 480 493 479
f 479 493 492
f 481 494 480
f 480 494 493
f 482 495 481
f 481 495 494
f 483 496 482
f 482 496 495
f 484 497 483
f 483 497 496
f 485 498 484
f 484 498 497
f 486 499 485
f 485 499 498
f 487 500 486
f 486 500 499
f 488 501 487
f 487 501 500
f 489 502 488
f 488 502 501
f 490 503 489
f 489 503 502
f 491 504 490
f 490 504 503
f 493 506 492
f 492 506 505
f 494 507 493
f 493 507 506
f 495 508 494
f 494 508 507
f 496 509 495
f 495 509 508
f 497 510 496
f 496 510 509
f 498 511 497
f 497 511 510
f 499 512 498
f 498 512 511
f 500 513 499
f 499 513 512
f 501 514 500
f 500 514 513
f 502 515 501
f 501 515 514
f 503 516 502
f 502 516 515
f 504 517 503
f 503 517 516
f 506 519 505
f 505 519 518
f 507 520 506
f 506 520 519
f 508 521 507
f 507 521 520
f 509 522 508
f 508 522 521
f 510 523 509
f 509 523 522
f 511 524 510
f 510 524 523
f 512 525 511
f 511 525 524
f 513 526 512
f 512 526 525
f 514 527 513
f 513 527 526
f 515 528 514
f 514 528 527
f 516 529 515
f 515 529 528
f 517 530 516
f 516 530 529
f 519 532 518
f 518 532 531
f 520 533 519
f 519 533 532
f 521 534 520
f 520 534 533
f 522 535 521
f 521 535 534
f 523 536 522
f 522 536 535
f 524 537 523
f 523 537 536
f 525 538 524
f 524 538 537
f 526 539 525
f 525 539 538
f 527 540 526
f 526 540 539
f 528 541 527
f 527 541 540
f 529 542 528
f 528 542 541
f 530 543 529
f 529 543 542
f 532 545 531
f 533 546 532
f 534 547 533
f 535 548 534
f 536 549 535
f 537 550 536
f 538 551 537
f 539 552 538
f 540 553 539
f 541 554 540
f 542 555 541
f 543 556 542
f 557 571 570
f 558 572 571
f 559 573 572
f 560 574 573
f 561 575 574
f 562 576 575
f 563 577 576
f 564 578 577
f 565 579 578
f 566 580 579
f 567 581 580
f 568 582 581
f 571 584 570
f 570 584 583
f 572 585 571
f 571 585 584
f 573 586 572
f 572 586 585
f 574 587 573
f 573 587 586
f 575 588 574
f 574 588 587
f 576 589 575
f 575 589 588
f 577 590 576
f 576 590 589
f 578 591 577
f 577 591 590
f 579 592 578
f 578 592 591
f 580 593 579
f 579 593 592
f 581 594 580
f 580 594 593
f 582 595 581
f 581 595 594
f 584 597 583
f 583 597 596
f 585 598 584
f 584 598 597
f 586 599 585
f 585 599 598
f 587 600 586
f 586 600 599
f 588 601 587
f 587 601 600
f 589 602 588
f 588 602 601
f 590 603 589
f 589 603 602
f 591 604 590
f 590 604 603
f 592 605 591
f 591 605 604
f 593 606 592
f 592 606 605
f 594 607 593
f 593 607 606
f 595 608 594
f 594 608 607
f 597 610 596
f 596 610 609
f 598 611 597
f 597 611 610
f 599 612 598
f 598 612 611
f 600 613 599
f 599 613 612
f 601 614 600
f 600 614 613
f 602 615 601
f 601 615 614
f 603 616 602
f 602 616 615
f 604 617 603
f 603 617 616
f 605 618 604
f 604 618 617
f 606 619 605
f 605 619 618
f 607 620 606
f 606 620 619
f 608 621 607
f 607 621 620
f 610 623 609
f 609 623 622
f 611 624 610
f 610 624 623
f 612 625 611
f 611 625 624
f 613 626 612
f 612 626 625
f 614 627 613
f 613 627 626
f 615 628 614
f 614 628 627
f 616 629 615
f 615 629 628
f 617 630 616
f 616 630 629
f 618 631 617
f 617 631 630
f 619 632 618
f 618 632 631
f 620 633 619
f 619 633 632
f 621 634 620
f 620 634 633
f 623 636 622
f 622 636 635
f 624 637 623
f 623 637 636
f 625 638 624
f 624 638 637
f 626 639 625
f 625 639 638
f 627 640 626
f 626 640 639
f 628 641 627
f 627 641 640
f 629 642 628
f 628 642 641
f 630 643 629
f 629 643 642
f 631 644 630
f 630 644 643
f 632 645 631
f 631 645 644
f 633 646 632
f 632 646 645
f 634 647 633
f 633 647 646
f 636 649 635
f 635 649 648
f 637 650 636
f 636 650 649
f 638 651 637
f 637 651 650
f 639 652 638
f 638 652 651
f 640 653 639
f 639 653 652
f 641 654 640
f 640 654 653
f 642 655 641
f 641 655 654
f 643 656 642
f 642 656 655
f 644 657 643
f 643 657 656
f 645 658 644
f 644 658 657
f 646 659 645
f 645 659 658
f 647 660 646
f 646 660 659
f 649 662 648
f 648 662 661
f 650 663 649
f 649 663 662
f 651 664 650
f 650 664 663
f 652 665 651
f 651 665 664
f 653 666 652
f 652 666 665
f 654 667 653
f 653 667 666
f 655 668 654
f 654 668 667
f 656 669 655
f 655 669 668
f 657 670 656
f 656 670 669
f 658 671 657
f 657 671 670
f 659 672 658
f 658 672 671
f 660 673 659
f 659 673 672
f 662 675 661
f 661 675 674
f 663 676 662
f 662 676 675
f 664 677 663
f 663 677 676
f 665 678 664
f 664 678 677
f 666 679 665
f 665 679 678
f 667 680 666
f 666 680 679
f 668 681 667
f 667 681 680
f 669 682 668
f 668 682 681
f 670 683 669
f 669 683 682
f 671 684 670
f 670 684 683
f 672 685 671
f 671 685 684
f 673 686 672
f 672 686 685
f 675 688 674
f 676 689 675
f 677 690 676
f 678 691 677
f 679 692 678
f 680 693 679
f 681 694 680
f 682 695 681
f 683 696 682
f 684 697 683
f 685 698 684
f 686 699 685
f 700 714 713
f 701 715 714
f 702 716 715
f 703 717 716
f 704 718 717
f 705 719 718
f 706 720 719
f 707 721 720
f 708 722 721
f 709 723 722
f 710 724 723
f 711 725 724
f 714 727 713
f 713 727 726
f 715 728 714
f 714 728 727
f 716 729 715
f 715 729 728
f 717 730 716
f 716 730 729
f 718 731 717
f 717 731 730
f 719 732 718
f 718 732 731
f 720 733 719
f 719 733 732
f 721 734 720
f 720 734 733
f 722 735 721
f 721 735 734
f 723 736 722
f 722 736 735
f 724 737 723
f 723 737 736
f 725 738 724
f 724 738 737
f 727 740 726
f 726 740 739
f 728 741 727
f 727 741 740
f 729 742 728
f 728 742 741
f 730 743 729
f 729 743 742
f 731 744 730
f 730 744 743
f 732 745 731
f 731 745 744
f 733 746 732
f 732 746 745
f 734 747 733
f 733 747 746
f 735 748 734
f 734 748 747
f 736 749 735
f 735 749 748
f 737 750 736
f 736 750 749
f 738 751 737
f 737 751 750
f 740 753 739
f 739 753 752
f 741 754 740
f 740 754 753
f 742 755 741
f 741 755 754
f 743 756 742
f 742 756 755
f 744 757 743
f 743 757 756
f 745 758 744
f 744 758 757
f 746 759 745
f 745 759 758
f 747 760 746
f 746 760 759
f 748 761 747
f 747 761 760
f 749 762 748
f 748 762 761
f 750 763 749
f 749 763 762
f 751 764 750
f 750 764 763
f 753 766 752
f 752 766 765
f 754 767 753
f 753 767 766
f 755 768 754
f 754 768 767
f 756 769 755
f 755 769 768
f 757 770 756
f 756 770 769
f 758 771 757
f 757 771 770
f 759 772 758
f 758 772 771
f 760 773 759
f 759 773 772
f 761 774 760
f 760 774 773
f 762 775 761
f 761 775 774
f 763 776 762
f 762 776 775
f 764 777 763
f 763 777 776
f 766 779 765
f 765 779 778
f 767 780 766
f 766 780 779
f 768 781 767
f 767 781 780
f 769 782 768
f 768 782 781
f 770 783 769
f 769 783 782
f 771 784 770
f 770 784 783
f 772 785 771
f 771 785 784
f 773 786 772
f 772 786 785
f 774 787 773
f 773 787 786
f 775 788 774
f 774 788 787
f 776 789 775
f 775 789 788
f 777 790 776
f 776 790 789
f 779 792 778
f 778 792 791
f 780 793 779
f 779 793 792
f 781 794 780
f 780 794 793
f 782 795 781
f 781 795 794
f 783 796 782
f 782 796 795
f 784 797 783
f 783 797 796
f 785 798 784
f 784 798 797
f 786 799 785
f 785 799 798
f 787 800 786
f 786 800 799
f 788 801 787
f 787 801 800
f 789 802 788
f 788 802 801
f 790 803 789
f 789 803 802
f 792 805 791
f 791 805 804
f 793 806 792
f 792 806 805
f 794 807 793
f 793 807 806
f 795 808 794
f 794 808 807
f 796 809 795
f 795 809 808
f 797 810 796
f 796 810 809
f 798 811 797
f 797 811 810
f 799 812 798
f 798 812 811
f 800 813 799
f 799 813 812
f 801 814 800
f 800 814 813
f 802 815 801
f 801 815 814
f 803 816 802
f 802 816 815
f 805 818 804
f 804 818 817
f 806 819 805
f 805 819 818
f 807 820 806
f 806 820 819
f 808 821 807
f 807 821 820
f 809 822 808
f 808 822 821
f 810 823 809
f 809 823 822
f 811 824 810
f 810 824 823
f 812 825 811
f 811 825 824
f 813 826 812
f 812 826 825
f 814 827 813
f 813 827 826
f 815 828 814
f 814 828 827
f 816 829 815
f 815 829 828
f 818 831 817
f 819 832 818
f 820 833 819
f 821 834 820
f 822 835 821
f 823 836 822
f 824 837 823
f 825 838 824
f 826 839 825
f 827 840 826
f 828 841 827
f 829 842 828
f 843 857 856
f 844 858 857
f 845 859 858
f 846 860 859
f 847 861 860
f 848 862 861
f 849 863 862
f 850 864 863
f 851 865 864
f 852 866 865
f 853 867 866
f 854 868 867
f 857 870 856
f 856 870 869
f 858 871 857
f 857 871 870
f 859 872 858
f 858 872 871
f 860 873 859
f 859 873 872
f 861 874 860
f 860 874 873
f 862 875 861
f 861 875 874
f 863 876 862
f 862 876 875
f 864 877 863
f 863 877 876
f 865 878 864
f 864 878 877
f 866 879 865
f 865 879 878
f 867 880 866
f 866 880 879
f 868 881 867
f 867 881 880
f 870 883 869
f 869 883 882
f 871 884 870
f 870 884 883
f 872 885 871
f 871 885 884
f 873 886 872
f 872 886 885
f 874 887 873
f 873 887 886
f 875 888 874
f 874 888 887
f 876 889 875
f 875 889 888
f 877 890 876
f 876 890 889
f 878 891 877
f 877 891 890
f 879 892 878
f 878 892 891
f 880 893 879
f 879 893 892
f 881 894 880
f 880 894 893
f 883 896 882
f 882 896 895
f 884 897 883
f 883 897 896
f 885 898 884
f 884 898 897
f 886 899 885
f 885 899 898
f 887 900 886
f 886 900 899
f 888 901 887
f 887 901 900
f 889 902 888
f 888 902 901
f 890 903 889
f 889 903 902
f 891 904 890
f 890 904 903
f 892 905 891
f 891 905 904
f 893 906 892
f 892 906 905
f 894 907 893
f 893 907 906
f 896 909 895
f 895 909 908
f 897 910 896
f 896 910 909
f 898 911 897
f 897 911 910
f 899 912 898
f 898 912 911
f 900 913 899
f 899 913 912
f 901 914 900
f 900 914 913
f 902 915 901
f 901 915 914
f 903 916 902
f 902 916 915
f 904 917 903
f 903 917 916
f 905 918 904
f 904 918 917
f 906 919 905
f 905 919 918
f 907 920 906
f 906 920 919
f 909 922 908
f 908 922 921
f 910 923 909
f 909 923 922
f 911 924 910
f 910 924 923
f 912 925 911
f 911 925 924
f 913 926 912
f 912 926 925
f 914 927 913
f 913 927 926
f 915 928 914
f 914 928 927
f 916 929 915
f 915 929 928
f 917 930 916
f 916 930 929
f 918 931 917
f 917 931 930
f 919 932 918
f 918 932 931
f 920 933 919
f 919 933 932
f 922 935 921
f 921 935 934
f 923 936 922
f 922 936 935
f 924 937 923
f 923 937 936
f 925 938 924
f 924 938 937
f 926 939 925
f 925 939 938
f 927 940 926
f 926 940 939
f 928 941 927
f 927 941 940
f 929 942 928
f 928 942 941
f 930 943 929
f 929 943 942
f 931 944 930
f 930 944 943
f 932 945 931
f 931 945 944
f 933 946 932
f 932 946 945
f 935 948 934
f 934 948 947
f 936 949 935
f 935 949 948
f 937 950 936
f 936 950 949
f 938 951 937
f 937 951 950
f 939 952 938
f 938 952 951
f 940 953 939
f 939 953 952
f 941 954 940
f 940 954 953
f 942 955 941
f 941 955 954
f 943 956 942
f 942 956 955
f 944 957 943
f 943 957 956
f 945 958 944
f 944 958 957
f 946 959 945
f 945 959 958
f 948 961 947
f 947 961 960
f 949 962 948
f 948 962 961
f 950 963 949
f 949 963 962
f 951 964 950
f 950 964 963
f 952 965 951
f 951 965 964
f 953 966 952
f 952 966 965
f 954 967 953
f 953 967 966
f 955 968 954
f 954 968 967
f 956 969 955
f 955 969 968
f 957 970 956
f 956 970 969
f 958 971 957
f 957 971 970
f 959 972 958
f 958 972 971
f 961 974 960
f 962 975 961
f 963 976 962
f 964 977 963
f 965 978 964
f 966 979 965
f 967 980 966
f 968 981 967
f 969 982 968
f 970 983 969
f 971 984 970
f 972 985 971
v 0.00000 0.95000 0.00000 0.71693 0.99144 1.00000
v 0.00000 0.95000 0.00000 0.71693 0.99144 1.00000
v 0.00000 0.95000 0.00000 0.71693 0.99144 1.00000
v 0.00000 0.95000 0.00000 0.71693 0.99144 1.00000
v 0.00000 0.95000 0.00000 0.71693 0.99144 1.00000
v 0.00000 0.95000 0.00000 0.71693 0.99144 1.00000
v 0.00000 0.95000 0.00000 0.71693 0.99144 1.00000
v 0.00000 0.95000 0.00000 0.71693 0.99144 1.00000
v 0.00000 0.95000 0.00000 0.71693 0.99144 1.00000
v 0.00000 0.95000 0.00000 0.71693 0.99144 1.00000
v 0.00000 0.95000 0.00000 0.71693 0.99144 1.00000
v 0.00000 0.95000 0.00000 0.71693 0.99144 1.00000
v 0.00000 0.95000 0.00000 0.71693 0.99144 1.00000
v 0.10568 0.93137 0.00000 0.71693 0.99144 1.00000
v 0.09152 0.93137 0.05284 0.71693 0.99144 1.00000
v 0.05284 0.93137 0.09152 0.71693 0.99144 1.00000
v 0.00000 0.93137 0.10568 0.71693 0.99144 1.00000
v -0.05284 0.93137 0.09152 0.71693 0.99144 1.00000
v -0.09152 0.93137 0.05284 0.71693 0.99144 1.00000
v -0.10568 0.93137 0.00000 0.71693 0.99144 1.00000
v -0.09152 0.93137 -0.05284 0.71693 0.99144 1.00000
v -0.05284 0.93137 -0.09152 0.71693 0.99144 1.00000
v -0.00000 0.93137 -0.10568 0.71693 0.99144 1.00000
v 0.05284 0.93137 -0.09152 0.71693 0.99144 1.00000
v 0.09152 0.93137 -0.05284 0.71693 0.99144 1.00000
v 0.10568 0.93137 -0.00000 0.71693 0.99144 1.00000
v 0.19862 0.87771 0.00000 0.71693 0.99144 1.00000
v 0.17201 0.87771 0.09931 0.71693 0.99144 1.00000
v 0.09931 0.87771 0.17201 0.71693 0.99144 1.00000
v 0.00000 0.87771 0.19862 0.71693 0.99144 1.00000
v -0.09931 0.87771 0.17201 0.71693 0.99144 1.00000
v -0.17201 0.87771 0.09931 0.71693 0.99144 1.00000
v -0.19862 0.87771 0.00000 0.71693 0.99144 1.00000
v -0.17201 0.87771 -0.09931 0.71693 0.99144 1.00000
v -0.09931 0.87771 -0.17201 0.71693 0.99144 1.00000
v -0.00000 0.87771 -0.19862 0.71693 0.99144 1.00000
v 0.09931 0.87771 -0.17201 0.71693 0.99144 1.00000
v 0.17201 0.87771 -0.09931 0.71693 0.99144 1.00000
v 0.19862 0.87771 -0.00000 0.71693 0.99144 1.00000
v 0.26759 0.79550 0.00000 0.71693 0.99144 1.00000
v 0.23174 0.79550 0.13380 0.71693 0.99144 1.00000
v 0.13380 0.79550 0.23174 0.71693 0.99144 1.00000
v 0.00000 0.79550 0.26759 0.71693 0.99144 1.00000
v -0.13380 0.79550 0.23174 0.71693 0.99144 1.00000
v -0.23174 0.79550 0.13380 0.71693 0.99144 1.00000
v -0.26759 0.79550 0.00000 0.71693 0.99144 1.00000
v -0.23174 0.79550 -0.13380 0.71693 0.99144 1.00000
v -0.13380 0.79550 -0.23174 0.71693 0.99144 1.00000
v -0.00000 0.79550 -0.26759 0.71693 0.99144 1.00000
v 0.13380 0.79550 -0.23174 0.71693 0.99144 1.00000
v 0.23174 0.79550 -0.13380 0.71693 0.99144 1.00000
v 0.26759 0.79550 -0.00000 0.71693 0.99144 1.00000
v 0.30430 0.69467 0.00000 0.71693 0.99144 1.00000
v 0.26353 0.69467 0.15215 0.71693 0.99144 1.00000
v 0.15215 0.69467 0.26353 0.71693 0.99144 1.00000
v 0.00000 0.69467 0.30430 0.71693 0.99144 1.00000
v -0.15215 0.69467 0.26353 0.71693 0.99144 1.00000
v -0.26353 0.69467 0.15215 0.71693 0.99144 1.00000
v -0.30430 0.69467 0.00000 0.71693 0.99144 1.00000
v -0.26353 0.69467 -0.15215 0.71693 0.99144 1.00000
v -0.15215 0.69467 -0.26353 0.71693 0.99144 1.00000
v -0.00000 0.69467 -0.30430 0.71693 0.99144 1.00000
v 0.15215 0.69467 -0.26353 0.71693 0.99144 1.00000
v 0.26353 0.69467 -0.15215 0.71693 0.99144 1.00000
v 0.30430 0.69467 -0.00000 0.71693 0.99144 1.00000
v 0.30430 0.58735 0.00000 0.71693 0.99144 1.00000
v 0.26353 0.58735 0.15215 0.71693 0.99144 1.00000
v 0.15215 0.58735 0.26353 0.71693 0.99144 1.00000
v 0.00000 0.58735 0.30430 0.71693 0.99144 1.00000
v -0.15215 0.58735 0.26353 0.71693 0.99144 1.00000
v -0.26353 0.58735 0.15215 0.71693 0.99144 1.00000
v -0.30430 0.58735 0.00000 0.71693 0.99144 1.00000
v -0.26353 0.58735 -0.15215 0.71693 0.99144 1.00000
v -0.15215 0.58735 -0.26353 0.71693 0.99144 1.00000
v -0.00000 0.58735 -0.30430 0.71693 0.99144 1.00000
v 0.15215 0.58735 -0.26353 0.71693 0.99144 1.00000
v 0.26353 0.58735 -0.15215 0.71693 0.99144 1.00000
v 0.30430 0.58735 -0.00000 0.71693 0.99144 1.00000
v 0.26759 0.48651 0.00000 0.71693 0.99144 1.00000
v 0.23174 0.48651 0.13380 0.71693 0.99144 1.00000
v 0.13380 0.48651 0.23174 0.71693 0.99144 1.00000
v 0.00000 0.48651 0.26759 0.71693 0.99144 1.00000
v -0.13380 0.48651 0.23174 0.71693 0.99144 1.00000
v -0.23174 0.48651 0.13380 0.71693 0.99144 1.00000
v -0.26759 0.48651 0.00000 0.71693 0.99144 1.00000
v -0.23174 0.48651 -0.13380 0.71693 0.99144 1.00000
v -0.13380 0.48651 -0.23174 0.71693 0.99144 1.00000
v -0.00000 0.48651 -0.26759 0.71693 0.99144 1.00000
v 0.13380 0.48651 -0.23174 0.71693 0.99144 1.00000
v 0.23174 0.48651 -0.13380 0.71693 0.99144 1.00000
v 0.26759 0.48651 -0.00000 0.71693 0.99144 1.00000
v 0.19862 0.40431 0.00000 0.71693 0.99144 1.00000
v 0.17201 0.40431 0.09931 0.71693 0.99144 1.00000
v 0.09931 0.40431 0.17201 0.71693 0.99144 1.00000
v 0.00000 0.40431 0.19862 0.71693 0.99144 1.00000
v -0.09931 0.40431 0.17201 0.71693 0.99144 1.00000
v -0.17201 0.40431 0.09931 0.71693 0.99144 1.00000
v -0.19862 0.40431 0.00000 0.71693 0.99144 1.00000
v -0.17201 0.40431 -0.09931 0.71693 0.99144 1.00000
v -0.09931 0.40431 -0.17201 0.71693 0.99144 1.00000
v -0.00000 0.40431 -0.19862 0.71693 0.99144 1.00000
v 0.09931 0.40431 -0.17201 0.71693 0.99144 1.00000
v 0.17201 0.40431 -0.09931 0.71693 0.99144 1.00000
v 0.19862 0.40431 -0.00000 0.71693 0.99144 1.00000
v 0.10568 0.35065 0.00000 0.71693 0.99144 1.00000
v 0.09152 0.35065 0.05284 0.71693 0.99144 1.00000
v 0.05284 0.35065 0.09152 0.71693 0.99144 1.00000
v 0.00000 0.35065 0.10568 0.71693 0.99144 1.00000
v -0.05284 0.35065 0.09152 0.71693 0.99144 1.00000
v -0.09152 0.35065 0.05284 0.71693 0.99144 1.00000
v -0.10568 0.35065 0.00000 0.71693 0.99144 1.00000
v -0.09152 0.35065 -0.05284 0.71693 0.99144 1.00000
v -0.05284 0.35065 -0.09152 0.71693 0.99144 1.00000
v -0.00000 0.35065 -0.10568 0.71693 0.99144 1.00000
v 0.05284 0.35065 -0.09152 0.71693 0.99144 1.00000
v 0.09152 0.35065 -0.05284 0.71693 0.99144 1.00000
v 0.10568 0.35065 -0.00000 0.71693 0.99144 1.00000
v 0.00000 0.33202 0.00000 0.71693 0.99144 1.00000
v 0.00000 0.33202 0.00000 0.71693 0.99144 1.00000
v 0.00000 0.33202 0.00000 0.71693 0.99144 1.00000
v 0.00000 0.33202 0.00000 0.71693 0.99144 1.00000
v 0.00000 0.33202 0.00000 0.71693 0.99144 1.00000
v 0.00000 0.33202 0.00000 0.71693 0.99144 1.00000
v 0.00000 0.33202 0.00000 0.71693 0.99144 1.00000
v 0.00000 0.33202 0.00000 0.71693 0.99144 1.00000
v 0.00000 0.33202 0.00000 0.71693 0.99144 1.00000
v 0.00000 0.33202 0.00000 0.71693 0.99144 1.00000
v 0.00000 0.33202 0.00000 0.71693 0.99144 1.00000
v 0.00000 0.33202 0.00000 0.71693 0.99144 1.00000
v 0.00000 0.33202 0.00000 0.71693 0.99144 1.00000
f 986 1000 999
f 987 1001 1000
f 988 1002 1001
f 989 1003 1002
f 990 1004 1003
f 991 1005 1004
f 992 1006 1005
f 993 1007 1006
f 994 1008 1007
f 995 1009 1008
f 996 1010 1009
f 997 1011 1010
f 1000 1013 999
f 999 1013 1012
f 1001 1014 1000
f 1000 1014 1013
f 1002 1015 1001
f 1001 1015 1014
f 1003 1016 1002
f 1002 1016 1015
f 1004 1017 1003
f 1003 1017 1016
f 1005 1018 1004
f 1004 1018 1017
f 1006 1019 1005
f 1005 1019 1018
f 1007 1020 1006
f 1006 1020 1019
f 1008 1021 1007
f 1007 1021 1020
f 1009 1022 1008
f 1008 1022 1021
f 1010 1023 1009
f 1009 1023 1022
f 1011 1024 1010
f 1010 1024 1023
f 1013 1026 1012
f 1012 1026 1025
f 1014 1027 1013
f 1013 1027 1026
f 1015 1028 1014
f 1014 1028 1027
f 1016 1029 1015
f 1015 1029 1028
f 1017 1030 1016
f 1016 1030 1029
f 1018 1031 1017
f 1017 1031 1030
f 1019 1032 1018
f 1018 1032 1031
f 1020 1033 1019
f 1019 1033 1032
f 1021 1034 1020
f 1020 1034 1033
f 1022 1035 1021
f 1021 1035 1034
f 1023 1036 1022
f 1022 1036 1035
f 1024 1037 1023
f 1023 1037 1036
f 1026 1039 1025
f 1025 1039 1038
f 1027 1040 1026
f 1026 1040 1039
f 1028 1041 1027
f 1027 1041 1040
f 1029 1042 1028
f 1028 1042 1041
f 1030 1043 1029
f 1029 1043 1042
f 1031 1044 1030
f 1030 1044 1043
f 1032 1045 1031
f 1031 1045 1044
f 1033 1046 1032
f 1032 1046 1045
f 1034 1047 1033
f 1033 1047 1046
f 1035 1048 1034
f 1034 1048 1047
f 1036 1049 1035
f 1035 1049 1048
f 1037 1050 1036
f 1036 1050 1049
f 1039 1052 1038
f 1038 1052 1051
f 1040 1053 1039
f 1039 1053 1052
f 1041 1054 1040
f 1040 1054 1053
f 1042 1055 1041
f 1041 1055 1054
f 1043 1056 1042
f 1042 1056 1055
f 1044 1057 1043
f 1043 1057 1056
f 1045 1058 1044
f 1044 1058 1057
f 1046 1059 1045
f 1045 1059 1058
f 1047 1060 1046
f 1046 1060 1059
f 1048 1061 1047
f 1047 1061 1060
f 1049 1062 1048
f 1048 1062 1061
f 1050 1063 1049
f 1049 1063 1062
f 1052 1065 1051
f 1051 1065 1064
f 1053 1066 1052
f 1052 1066 1065
f 1054 1067 1053
f 1053 1067 1066
f 1055 1068 1054
f 1054 1068 1067
f 1056 1069 1055
f 1055 1069 1068
f 1057 1070 1056
f 1056 1070 1069
f 1058 1071 1057
f 1057 1071 1070
f 1059 1072 1058
f 1058 1072 1071
f 1060 1073 1059
f 1059 1073 1072
f 1061 1074 1060
f 1060 1074 1073
f 1062 1075 1061
f 1061 1075 1074
f 1063 1076 1062
f 1062 1076 1075
f 1065 1078 1064
f 1064 1078 1077
f 1066 1079 1065
f 1065 1079 1078
f 1067 1080 1066
f 1066 1080 1079
f 1068 1081 1067
f 1067 1081 1080
f 1069 1082 1068
f 1068 1082 1081
f 1070 1083 1069
f 1069 1083 1082
f 1071 1084 1070
f 1070 1084 1083
f 1072 1085 1071
f 1071 1085 1084
f 1073 1086 1072
f 1072 1086 1085
f 1074 1087 1073
f 1073 1087 1086
f 1075 1088 1074
f 1074 1088 1087
f 1076 1089 1075
f 1075 1089 1088
f 1078 1091 1077
f 1077 1091 1090
f 1079 1092 1078
f 1078 1092 1091
f 1080 1093 1079
f 1079 1093 1092
f 1081 1094 1080
f 1080 1094 1093
f 1082 1095 1081
f 1081 1095 1094
f 1083 1096 1082
f 1082 1096 1095
f 1084 1097 1083
f 1083 1097 1096
f 1085 1098 1084
f 1084 1098 1097
f 1086 1099 1085
f 1085 1099 1098
f 1087 1100 1086
f 1086 1100 1099
f 1088 1101 1087
f 1087 1101 1100
f 1089 1102 1088
f 1088 1102 1101
f 1091 1104 1090
f 1092 1105 1091
f 1093 1106 1092
f 1094 1107 1093
f 1095 1108 1094
f 1096 1109 1095
f 1097 1110 1096
f 1098 1111 1097
f 1099 1112 1098
f 1100 1113 1099
f 1101 1114 1100
f 1102 1115 1101