v 0.00000 0.70917 0.00000 1.00000 0.54419 0.12770
v 0.00000 0.70917 0.00000 1.00000 0.54419 0.12770
v 0.00000 0.70917 0.00000 1.00000 0.54419 0.12770
v 0.00000 0.70917 0.00000 1.00000 0.54419 0.12770
v 0.00000 0.70917 0.00000 1.00000 0.54419 0.12770
v 0.00000 0.70917 0.00000 1.00000 0.54419 0.12770
v 0.00000 0.70917 0.00000 1.00000 0.54419 0.12770
v 0.00000 0.70917 0.00000 1.00000 0.54419 0.12770
v 0.00000 0.70917 0.00000 1.00000 0.54419 0.12770
v 0.00000 0.70917 0.00000 1.00000 0.54419 0.12770
v 0.00000 0.70917 0.00000 1.00000 0.54419 0.12770
v 0.00000 0.70917 0.00000 1.00000 0.54419 0.12770
v 0.00000 0.70917 0.00000 1.00000 0.54419 0.12770
v 0.00000 0.70917 0.00000 1.00000 0.54419 0.12770
v 0.00000 0.70917 0.00000 1.00000 0.54419 0.12770
v 0.00000 0.70917 0.00000 1.00000 0.54419 0.12770
v 0.00000 0.70917 0.00000 1.00000 0.54419 0.12770
v 0.00000 0.70917 0.00000 1.00000 0.54419 0.12770
v 0.00000 0.70917 0.00000 1.00000 0.54419 0.12770
v 0.00000 0.70917 0.00000 1.00000 0.54419 0.12770
v 0.02662 0.70638 0.00000 1.00000 0.54419 0.12770
v 0.02518 0.70638 0.00864 1.00000 0.54419 0.12770
v 0.02101 0.70638 0.01635 1.00000 0.54419 0.12770
v 0.01456 0.70638 0.02228 1.00000 0.54419 0.12770
v 0.00653 0.70638 0.02580 1.00000 0.54419 0.12770
v -0.00220 0.70638 0.02653 1.00000 0.54419 0.12770
v -0.01069 0.70638 0.02438 1.00000 0.54419 0.12770
v -0.01803 0.70638 0.01958 1.00000 0.54419 0.12770
v -0.02341 0.70638 0.01267 1.00000 0.54419 0.12770
v -0.02625 0.70638 0.00438 1.00000 0.54419 0.12770
v -0.02625 0.70638 -0.00438 1.00000 0.54419 0.12770
v -0.02341 0.70638 -0.01267 1.00000 0.54419 0.12770
v -0.01803 0.70638 -0.01958 1.00000 0.54419 0.12770
v -0.01069 0.70638 -0.02438 1.00000 0.54419 0.12770
v -0.00220 0.70638 -0.02653 1.00000 0.54419 0.12770
v 0.00653 0.70638 -0.02580 1.00000 0.54419 0.12770
v 0.01456 0.70638 -0.02228 1.00000 0.54419 0.12770
v 0.02101 0.70638 -0.01635 1.00000 0.54419 0.12770
v 0.02518 0.70638 -0.00864 1.00000 0.54419 0.12770
v 0.02662 0.70638 -0.00000 1.00000 0.54419 0.12770
v 0.05207 0.69811 0.00000 1.00000 0.54419 0.12770
v 0.04925 0.69811 0.01691 1.00000 0.54419 0.12770
v 0.04109 0.69811 0.03198 1.00000 0.54419 0.12770
v 0.02848 0.69811 0.04359 1.00000 0.54419 0.12770
v 0.01278 0.69811 0.05048 1.00000 0.54419 0.12770
v -0.00430 0.69811 0.05189 1.00000 0.54419 0.12770
v -0.02092 0.69811 0.04769 1.00000 0.54419 0.12770
v -0.03527 0.69811 0.03831 1.00000 0.54419 0.12770
v -0.04580 0.69811 0.02478 1.00000 0.54419 0.12770
v -0.05136 0.69811 0.00857 1.00000 0.54419 0.12770
v -0.05136 0.69811 -0.00857 1.00000 0.54419 0.12770
v -0.04580 0.69811 -0.02478 1.00000 0.54419 0.12770
v -0.03527 0.69811 -0.03831 1.00000 0.54419 0.12770
v -0.02092 0.69811 -0.04769 1.00000 0.54419 0.12770
v -0.00430 0.69811 -0.05189 1.00000 0.54419 0.12770
v 0.01278 0.69811 -0.05048 1.00000 0.54419 0.12770
v 0.02848 0.69811 -0.04359 1.00000 0.54419 0.12770
v 0.04109 0.69811 -0.03198 1.00000 0.54419 0.12770
v 0.04925 0.69811 -0.01691 1.00000 0.54419 0.12770
v 0.05207 0.69811 -0.00000 1.00000 0.54419 0.12770
v 0.07525 0.68472 0.00000 1.00000 0.54419 0.12770
v 0.07117 0.68472 0.02443 1.00000 0.54419 0.12770
v 0.05938 0.68472 0.04622 1.00000 0.54419 0.12770
v 0.04116 0.68472 0.06300 1.00000 0.54419 0.12770
v 0.01847 0.68472 0.07295 1.00000 0.54419 0.12770
v -0.00621 0.68472 0.07499 1.00000 0.54419 0.12770
v -0.03023 0.68472 0.06891 1.00000 0.54419 0.12770
v -0.05097 0.68472 0.05536 1.00000 0.54419 0.12770
v -0.06618 0.68472 0.03582 1.00000 0.54419 0.12770
v -0.07422 0.68472 0.01239 1.00000 0.54419 0.12770
v -0.07422 0.68472 -0.01239 1.00000 0.54419 0.12770
v -0.06618 0.68472 -0.03582 1.00000 0.54419 0.12770
v -0.05097 0.68472 -0.05536 1.00000 0.54419 0.12770
v -0.03023 0.68472 -0.06891 1.00000 0.54419 0.12770
v -0.00621 0.68472 -0.07499 1.00000 0.54419 0.12770
v 0.01847 0.68472 -0.07295 1.00000 0.54419 0.12770
v 0.04116 0.68472 -0.06300 1.00000 0.54419 0.12770
v 0.05938 0.68472 -0.04622 1.00000 0.54419 0.12770
v 0.07117 0.68472 -0.02443 1.00000 0.54419 0.12770
v 0.07525 0.68472 -0.00000 1.00000 0.54419 0.12770
v 0.09514 0.66681 0.00000 1.00000 0.54419 0.12770
v 0.08999 0.66681 0.03089 1.00000 0.54419 0.12770
v 0.07508 0.66681 0.05844 1.00000 0.54419 0.12770
v 0.05204 0.66681 0.07965 1.00000 0.54419 0.12770
v 0.02336 0.66681 0.09223 1.00000 0.54419 0.12770
v -0.00786 0.66681 0.09482 1.00000 0.54419 0.12770
v -0.03822 0.66681 0.08713 1.00000 0.54419 0.12770
v -0.06444 0.66681 0.07000 1.00000 0.54419 0.12770
v -0.08367 0.66681 0.04528 1.00000 0.54419 0.12770
v -0.09384 0.66681 0.01566 1.00000 0.54419 0.12770
v -0.09384 0.66681 -0.01566 1.00000 0.54419 0.12770
v -0.08367 0.66681 -0.04528 1.00000 0.54419 0.12770
v -0.06444 0.66681 -0.07000 1.00000 0.54419 0.12770
v -0.03822 0.66681 -0.08713 1.00000 0.54419 0.12770
v -0.00786 0.66681 -0.09482 1.00000 0.54419 0.12770
v 0.02336 0.66681 -0.09223 1.00000 0.54419 0.12770
v 0.05204 0.66681 -0.07965 1.00000 0.54419 0.12770
v 0.07508 0.66681 -0.05844 1.00000 0.54419 0.12770
v 0.08999 0.66681 -0.03089 1.00000 0.54419 0.12770
v 0.09514 0.66681 -0.00000 1.00000 0.54419 0.12770
v 0.11087 0.64516 0.00000 1.00000 0.54419 0.12770
v 0.10486 0.64516 0.03600 1.00000 0.54419 0.12770
v 0.08749 0.64516 0.06810 1.00000 0.54419 0.12770
v 0.06064 0.64516 0.09282 1.00000 0.54419 0.12770
v 0.02722 0.64516 0.10748 1.00000 0.54419 0.12770
v -0.00916 0.64516 0.11049 1.00000 0.54419 0.12770
v -0.04454 0.64516 0.10153 1.00000 0.54419 0.12770
v -0.07509 0.64516 0.08157 1.00000 0.54419 0.12770
v -0.09751 0.64516 0.05277 1.00000 0.54419 0.12770
v -0.10936 0.64516 0.01825 1.00000 0.54419 0.12770
v -0.10936 0.64516 -0.01825 1.00000 0.54419 0.12770
v -0.09751 0.64516 -0.05277 1.00000 0.54419 0.12770
v -0.07509 0.64516 -0.08157 1.00000 0.54419 0.12770
v -0.04454 0.64516 -0.10153 1.00000 0.54419 0.12770
v -0.00916 0.64516 -0.11049 1.00000 0.54419 0.12770
v 0.02722 0.64516 -0.10748 1.00000 0.54419 0.12770
v 0.06064 0.64516 -0.09282 1.00000 0.54419 0.12770
v 0.08749 0.64516 -0.06810 1.00000 0.54419 0.12770
v 0.10486 0.64516 -0.03600 1.00000 0.54419 0.12770
v 0.11087 0.64516 -0.00000 1.00000 0.54419 0.12770
v 0.12176 0.62071 0.00000 1.00000 0.54419 0.12770
v 0.11516 0.62071 0.03953 1.00000 0.54419 0.12770
v 0.09608 0.62071 0.07479 1.00000 0.54419 0.12770
v 0.06660 0.62071 0.10193 1.00000 0.54419 0.12770
v 0.02989 0.62071 0.11803 1.00000 0.54419 0.12770
v -0.01005 0.62071 0.12134 1.00000 0.54419 0.12770
v -0.04891 0.62071 0.11150 1.00000 0.54419 0.12770
v -0.08246 0.62071 0.08958 1.00000 0.54419 0.12770
v -0.10708 0.62071 0.05795 1.00000 0.54419 0.12770
v -0.12010 0.62071 0.02004 1.00000 0.54419 0.12770
v -0.12010 0.62071 -0.02004 1.00000 0.54419 0.12770
v -0.10708 0.62071 -0.05795 1.00000 0.54419 0.12770
v -0.08246 0.62071 -0.08958 1.00000 0.54419 0.12770
v -0.04891 0.62071 -0.11150 1.00000 0.54419 0.12770
v -0.01005 0.62071 -0.12134 1.00000 0.54419 0.12770
v 0.02989 0.62071 -0.11803 1.00000 0.54419 0.12770
v 0.06660 0.62071 -0.10193 1.00000 0.54419 0.12770
v 0.09608 0.62071 -0.07479 1.00000 0.54419 0.12770
v 0.11516 0.62071 -0.03953 1.00000 0.54419 0.12770
v 0.12176 0.62071 -0.00000 1.00000 0.54419 0.12770
v 0.12732 0.59453 0.00000 1.00000 0.54419 0.12770
v 0.12042 0.59453 0.04134 1.00000 0.54419 0.12770
v 0.10048 0.59453 0.07820 1.00000 0.54419 0.12770
v 0.06964 0.59453 0.10659 1.00000 0.54419 0.12770
v 0.03126 0.59453 0.12343 1.00000 0.54419 0.12770
v -0.01051 0.59453 0.12689 1.00000 0.54419 0.12770
v -0.05114 0.59453 0.11660 1.00000 0.54419 0.12770
v -0.08623 0.59453 0.09367 1.00000 0.54419 0.12770
v -0.11198 0.59453 0.06060 1.00000 0.54419 0.12770
v -0.12559 0.59453 0.02096 1.00000 0.54419 0.12770
v -0.12559 0.59453 -0.02096 1.00000 0.54419 0.12770
v -0.11198 0.59453 -0.06060 1.00000 0.54419 0.12770
v -0.08623 0.59453 -0.09367 1.00000 0.54419 0.12770
v -0.05114 0.59453 -0.11660 1.00000 0.54419 0.12770
v -0.01051 0.59453 -0.12689 1.00000 0.54419 0.12770
v 0.03126 0.59453 -0.12343 1.00000 0.54419 0.12770
v 0.06964 0.59453 -0.10659 1.00000 0.54419 0.12770
v 0.10048 0.59453 -0.07820 1.00000 0.54419 0.12770
v 0.12042 0.59453 -0.04134 1.00000 0.54419 0.12770
v 0.12732 0.59453 -0.00000 1.00000 0.54419 0.12770
v 0.12732 0.56777 0.00000 1.00000 0.54419 0.12770
v 0.12042 0.56777 0.04134 1.00000 0.54419 0.12770
v 0.10048 0.56777 0.07820 1.00000 0.54419 0.12770
v 0.06964 0.56777 0.10659 1.00000 0.54419 0.12770
v 0.03126 0.56777 0.12343 1.00000 0.54419 0.12770
v -0.01051 0.56777 0.12689 1.00000 0.54419 0.12770
v -0.05114 0.56777 0.11660 1.00000 0.54419 0.12770
v -0.08623 0.56777 0.09367 1.00000 0.54419 0.12770
v -0.11198 0.56777 0.06060 1.00000 0.54419 0.12770
v -0.12559 0.56777 0.02096 1.00000 0.54419 0.12770
v -0.12559 0.56777 -0.02096 1.00000 0.54419 0.12770
v -0.11198 0.56777 -0.06060 1.00000 0.54419 0.12770
v -0.08623 0.56777 -0.09367 1.00000 0.54419 0.12770
v -0.05114 0.56777 -0.11660 1.00000 0.54419 0.12770
v -0.01051 0.56777 -0.12689 1.00000 0.54419 0.12770
v 0.03126 0.56777 -0.12343 1.00000 0.54419 0.12770
v 0.06964 0.56777 -0.10659 1.00000 0.54419 0.12770
v 0.10048 0.56777 -0.07820 1.00000 0.54419 0.12770
v 0.12042 0.56777 -0.04134 1.00000 0.54419 0.12770
v 0.12732 0.56777 -0.00000 1.00000 0.54419 0.12770
v 0.12176 0.54159 0.00000 1.00000 0.54419 0.12770
v 0.11516 0.54159 0.03953 1.00000 0.54419 0.12770
v 0.09608 0.54159 0.07479 1.00000 0.54419 0.12770
v 0.06660 0.54159 0.10193 1.00000 0.54419 0.12770
v 0.02989 0.54159 0.11803 1.00000 0.54419 0.12770
v -0.01005 0.54159 0.12134 1.00000 0.54419 0.12770
v -0.04891 0.54159 0.11150 1.00000 0.54419 0.12770
v -0.08246 0.54159 0.08958 1.00000 0.54419 0.12770
v -0.10708 0.54159 0.05795 1.00000 0.54419 0.12770
v -0.12010 0.54159 0.02004 1.00000 0.54419 0.12770
v -0.12010 0.54159 -0.02004 1.00000 0.54419 0.12770
v -0.10708 0.54159 -0.05795 1.00000 0.54419 0.12770
v -0.08246 0.54159 -0.08958 1.00000 0.54419 0.12770
v -0.04891 0.54159 -0.11150 1.00000 0.54419 0.12770
v -0.01005 0.54159 -0.12134 1.00000 0.54419 0.12770
v 0.02989 0.54159 -0.11803 1.00000 0.54419 0.12770
v 0.06660 0.54159 -0.10193 1.00000 0.54419 0.12770
v 0.09608 0.54159 -0.07479 1.00000 0.54419 0.12770
v 0.11516 0.54159 -0.03953 1.00000 0.54419 0.12770
v 0.12176 0.54159 -0.00000 1.00000 0.54419 0.12770
v 0.11087 0.51714 0.00000 1.00000 0.54419 0.12770
v 0.10486 0.51714 0.03600 1.00000 0.54419 0.12770
v 0.08749 0.51714 0.06810 1.00000 0.54419 0.12770
v 0.06064 0.51714 0.09282 1.00000 0.54419 0.12770
v 0.02722 0.51714 0.10748 1.00000 0.54419 0.12770
v -0.00916 0.51714 0.11049 1.00000 0.54419 0.12770
v -0.04454 0.51714 0.10153 1.00000 0.54419 0.12770
v -0.07509 0.51714 0.08157 1.00000 0.54419 0.12770
v -0.09751 0.51714 0.05277 1.00000 0.54419 0.12770
v -0.10936 0.51714 0.01825 1.00000 0.54419 0.12770
v -0.10936 0.51714 -0.01825 1.00000 0.54419 0.12770
v -0.09751 0.51714 -0.05277 1.00000 0.54419 0.12770
v -0.07509 0.51714 -0.08157 1.00000 0.54419 0.12770
v -0.04454 0.51714 -0.10153 1.00000 0.54419 0.12770
v -0.00916 0.51714 -0.11049 1.00000 0.54419 0.12770
v 0.02722 0.51714 -0.10748 1.00000 0.54419 0.12770
v 0.06064 0.51714 -0.09282 1.00000 0.54419 0.12770
v 0.08749 0.51714 -0.06810 1.00000 0.54419 0.12770
v 0.10486 0.51714 -0.03600 1.00000 0.54419 0.12770
v 0.11087 0.51714 -0.00000 1.00000 0.54419 0.12770
v 0.09514 0.49548 0.00000 1.00000 0.54419 0.12770
v 0.08999 0.49548 0.03089 1.00000 0.54419 0.12770
v 0.07508 0.49548 0.05844 1.00000 0.54419 0.12770
v 0.05204 0.49548 0.07965 1.00000 0.54419 0.12770
v 0.02336 0.49548 0.09223 1.00000 0.54419 0.12770
v -0.00786 0.49548 0.09482 1.00000 0.54419 0.12770
v -0.03822 0.49548 0.08713 1.00000 0.54419 0.12770
v -0.06444 0.49548 0.07000 1.00000 0.54419 0.12770
v -0.08367 0.49548 0.04528 1.00000 0.54419 0.12770
v -0.09384 0.49548 0.01566 1.00000 0.54419 0.12770
v -0.09384 0.49548 -0.01566 1.00000 0.54419 0.12770
v -0.08367 0.49548 -0.04528 1.00000 0.54419 0.12770
v -0.06444 0.49548 -0.07000 1.00000 0.54419 0.12770
v -0.03822 0.49548 -0.08713 1.00000 0.54419 0.12770
v -0.00786 0.49548 -0.09482 1.00000 0.54419 0.12770
v 0.02336 0.49548 -0.09223 1.00000 0.54419 0.12770
v 0.05204 0.49548 -0.07965 1.00000 0.54419 0.12770
v 0.07508 0.49548 -0.05844 1.00000 0.54419 0.12770
v 0.08999 0.49548 -0.03089 1.00000 0.54419 0.12770
v 0.09514 0.49548 -0.00000 1.00000 0.54419 0.12770
v 0.07525 0.47758 0.00000 1.00000 0.54419 0.12770
v 0.07117 0.47758 0.02443 1.00000 0.54419 0.12770
v 0.05938 0.47758 0.04622 1.00000 0.54419 0.12770
v 0.04116 0.47758 0.06300 1.00000 0.54419 0.12770
v 0.01847 0.47758 0.07295 1.00000 0.54419 0.12770
v -0.00621 0.47758 0.07499 1.00000 0.54419 0.12770
v -0.03023 0.47758 0.06891 1.00000 0.54419 0.12770
v -0.05097 0.47758 0.05536 1.00000 0.54419 0.12770
v -0.06618 0.47758 0.03582 1.00000 0.54419 0.12770
v -0.07422 0.47758 0.01239 1.00000 0.54419 0.12770
v -0.07422 0.47758 -0.01239 1.00000 0.54419 0.12770
v -0.06618 0.47758 -0.03582 1.00000 0.54419 0.12770
v -0.05097 0.47758 -0.05536 1.00000 0.54419 0.12770
v -0.03023 0.47758 -0.06891 1.00000 0.54419 0.12770
v -0.00621 0.47758 -0.07499 1.00000 0.54419 0.12770
v 0.01847 0.47758 -0.07295 1.00000 0.54419 0.12770
v 0.04116 0.47758 -0.06300 1.00000 0.54419 0.12770
v 0.05938 0.47758 -0.04622 1.00000 0.54419 0.12770
v 0.07117 0.47758 -0.02443 1.00000 0.54419 0.12770
v 0.07525 0.47758 -0.00000 1.00000 0.54419 0.12770
v 0.05207 0.46419 0.00000 1.00000 0.54419 0.12770
v 0.04925 0.46419 0.01691 1.00000 0.54419 0.12770
v 0.04109 0.46419 0.03198 1.00000 0.54419 0.12770
v 0.02848 0.46419 0.04359 1.00000 0.54419 0.12770
v 0.01278 0.46419 0.05048 1.00000 0.54419 0.12770
v -0.00430 0.46419 0.05189 1.00000 0.54419 0.12770
v -0.02092 0.46419 0.04769 1.00000 0.54419 0.12770
v -0.03527 0.46419 0.03831 1.00000 0.54419 0.12770
v -0.04580 0.46419 0.02478 1.00000 0.54419 0.12770
v -0.05136 0.46419 0.00857 1.00000 0.54419 0.12770
v -0.05136 0.46419 -0.00857 1.00000 0.54419 0.12770
v -0.04580 0.46419 -0.02478 1.00000 0.54419 0.12770
v -0.03527 0.46419 -0.03831 1.00000 0.54419 0.12770
v -0.02092 0.46419 -0.04769 1.00000 0.54419 0.12770
v -0.00430 0.46419 -0.05189 1.00000 0.54419 0.12770
v 0.01278 0.46419 -0.05048 1.00000 0.54419 0.12770
v 0.02848 0.46419 -0.04359 1.00000 0.54419 0.12770
v 0.04109 0.46419 -0.03198 1.00000 0.54419 0.12770
v 0.04925 0.46419 -0.01691 1.00000 0.54419 0.12770
v 0.05207 0.46419 -0.00000 1.00000 0.54419 0.12770
v 0.02662 0.45592 0.00000 1.00000 0.54419 0.12770
v 0.02518 0.45592 0.00864 1.00000 0.54419 0.12770
v 0.02101 0.45592 0.01635 1.00000 0.54419 0.12770
v 0.01456 0.45592 0.02228 1.00000 0.54419 0.12770
v 0.00653 0.45592 0.02580 1.00000 0.54419 0.12770
v -0.00220 0.45592 0.02653 1.00000 0.54419 0.12770
v -0.01069 0.45592 0.02438 1.00000 0.54419 0.12770
v -0.01803 0.45592 0.01958 1.00000 0.54419 0.12770
v -0.02341 0.45592 0.01267 1.00000 0.54419 0.12770
v -0.02625 0.45592 0.00438 1.00000 0.54419 0.12770
v -0.02625 0.45592 -0.00438 1.00000 0.54419 0.12770
v -0.02341 0.45592 -0.01267 1.00000 0.54419 0.12770
v -0.01803 0.45592 -0.01958 1.00000 0.54419 0.12770
v -0.01069 0.45592 -0.02438 1.00000 0.54419 0.12770
v -0.00220 0.45592 -0.02653 1.00000 0.54419 0.12770
v 0.00653 0.45592 -0.02580 1.00000 0.54419 0.12770
v 0.01456 0.45592 -0.02228 1.00000 0.54419 0.12770
v 0.02101 0.45592 -0.01635 1.00000 0.54419 0.12770
v 0.02518 0.45592 -0.00864 1.00000 0.54419 0.12770
v 0.02662 0.45592 -0.00000 1.00000 0.54419 0.12770
v 0.00000 0.45313 0.00000 1.00000 0.54419 0.12770
v 0.00000 0.45313 0.00000 1.00000 0.54419 0.12770
v 0.00000 0.45313 0.00000 1.00000 0.54419 0.12770
v 0.00000 0.45313 0.00000 1.00000 0.54419 0.12770
v 0.00000 0.45313 0.00000 1.00000 0.54419 0.12770
v 0.00000 0.45313 0.00000 1.00000 0.54419 0.12770
v 0.00000 0.45313 0.00000 1.00000 0.54419 0.12770
v 0.00000 0.45313 0.00000 1.00000 0.54419 0.12770
v 0.00000 0.45313 0.00000 1.00000 0.54419 0.12770
v 0.00000 0.45313 0.00000 1.00000 0.54419 0.12770
v 0.00000 0.45313 0.00000 1.00000 0.54419 0.12770
v 0.00000 0.45313 0.00000 1.00000 0.54419 0.12770
v 0.00000 0.45313 0.00000 1.00000 0.54419 0.12770
v 0.00000 0.45313 0.00000 1.00000 0.54419 0.12770
v 0.00000 0.45313 0.00000 1.00000 0.54419 0.12770
v 0.00000 0.45313 0.00000 1.00000 0.54419 0.12770
v 0.00000 0.45313 0.00000 1.00000 0.54419 0.12770
v 0.00000 0.45313 0.00000 1.00000 0.54419 0.12770
v 0.00000 0.45313 0.00000 1.00000 0.54419 0.12770
v 0.00000 0.45313 0.00000 1.00000 0.54419 0.12770
v -0.20484 0.12666 0.00000 1.00000 0.54419 0.12770
v -0.20484 0.12666 0.00000 1.00000 0.54419 0.12770
v -0.20484 0.12666 0.00000 1.00000 0.54419 0.12770
v -0.20484 0.12666 0.00000 1.00000 0.54419 0.12770
v -0.20484 0.12666 0.00000 1.00000 0.54419 0.12770
v -0.20484 0.12666 0.00000 1.00000 0.54419 0.12770
v -0.20484 0.12666 0.00000 1.00000 0.54419 0.12770
v -0.20484 0.12666 0.00000 1.00000 0.54419 0.12770
v -0.20484 0.12666 0.00000 1.00000 0.54419 0.12770
v -0.20484 0.12666 0.00000 1.00000 0.54419 0.12770
v -0.19373 0.12413 0.00000 1.00000 0.54419 0.12770
v -0.19633 0.12413 0.00714 1.00000 0.54419 0.12770
v -0.20291 0.12413 0.01094 1.00000 0.54419 0.12770
v -0.21039 0.12413 0.00962 1.00000 0.54419 0.12770
v -0.21528 0.12413 0.00380 1.00000 0.54419 0.12770
v -0.21528 0.12413 -0.00380 1.00000 0.54419 0.12770
v -0.21039 0.12413 -0.00962 1.00000 0.54419 0.12770
v -0.20291 0.12413 -0.01094 1.00000 0.54419 0.12770
v -0.19633 0.12413 -0.00714 1.00000 0.54419 0.12770
v -0.19373 0.12413 -0.00000 1.00000 0.54419 0.12770
v -0.18482 0.11702 0.00000 1.00000 0.54419 0.12770
v -0.18950 0.11702 0.01287 1.00000 0.54419 0.12770
v -0.20136 0.11702 0.01971 1.00000 0.54419 0.12770
v -0.21485 0.11702 0.01734 1.00000 0.54419 0.12770
v -0.22365 0.11702 0.00685 1.00000 0.54419 0.12770
v -0.22365 0.11702 -0.00685 1.00000 0.54419 0.12770
v -0.21485 0.11702 -0.01734 1.00000 0.54419 0.12770
v -0.20136 0.11702 -0.01971 1.00000 0.54419 0.12770
v -0.18950 0.11702 -0.01287 1.00000 0.54419 0.12770
v -0.18482 0.11702 -0.00000 1.00000 0.54419 0.12770
v -0.17988 0.10676 0.00000 1.00000 0.54419 0.12770
v -0.18572 0.10676 0.01605 1.00000 0.54419 0.12770
v -0.20050 0.10676 0.02458 1.00000 0.54419 0.12770
v -0.21732 0.10676 0.02162 1.00000 0.54419 0.12770
v -0.22830 0.10676 0.00854 1.00000 0.54419 0.12770
v -0.22830 0.10676 -0.00854 1.00000 0.54419 0.12770
v -0.21732 0.10676 -0.02162 1.00000 0.54419 0.12770
v -0.20050 0.10676 -0.02458 1.00000 0.54419 0.12770
v -0.18572 0.10676 -0.01605 1.00000 0.54419 0.12770
v -0.17988 0.10676 -0.00000 1.00000 0.54419 0.12770
v -0.17988 0.09536 0.00000 1.00000 0.54419 0.12770
v -0.18572 0.09536 0.01605 1.00000 0.54419 0.12770
v -0.20050 0.09536 0.02458 1.00000 0.54419 0.12770
v -0.21732 0.09536 0.02162 1.00000 0.54419 0.12770
v -0.22830 0.09536 0.00854 1.00000 0.54419 0.12770
v -0.22830 0.09536 -0.00854 1.00000 0.54419 0.12770
v -0.21732 0.09536 -0.02162 1.00000 0.54419 0.12770
v -0.20050 0.09536 -0.02458 1.00000 0.54419 0.12770
v -0.18572 0.09536 -0.01605 1.00000 0.54419 0.12770
v -0.17988 0.09536 -0.00000 1.00000 0.54419 0.12770
v -0.18482 0.08509 0.00000 1.00000 0.54419 0.12770
v -0.18950 0.08509 0.01287 1.00000 0.54419 0.12770
v -0.20136 0.08509 0.01971 1.00000 0.54419 0.12770
v -0.21485 0.08509 0.01734 1.00000 0.54419 0.12770
v -0.22365 0.08509 0.00685 1.00000 0.54419 0.12770
v -0.22365 0.08509 -0.00685 1.00000 0.54419 0.12770
v -0.21485 0.08509 -0.01734 1.00000 0.54419 0.12770
v -0.20136 0.08509 -0.01971 1.00000 0.54419 0.12770
v -0.18950 0.08509 -0.01287 1.00000 0.54419 0.12770
v -0.18482 0.08509 -0.00000 1.00000 0.54419 0.12770
v -0.19373 0.07799 0.00000 1.00000 0.54419 0.12770
v -0.19633 0.07799 0.00714 1.00000 0.54419 0.12770
v -0.20291 0.07799 0.01094 1.00000 0.54419 0.12770
v -0.21039 0.07799 0.00962 1.00000 0.54419 0.12770
v -0.21528 0.07799 0.00380 1.00000 0.54419 0.12770
v -0.21528 0.07799 -0.00380 1.00000 0.54419 0.12770
v -0.21039 0.07799 -0.00962 1.00000 0.54419 0.12770
v -0.20291 0.07799 -0.01094 1.00000 0.54419 0.12770
v -0.19633 0.07799 -0.00714 1.00000 0.54419 0.12770
v -0.19373 0.07799 -0.00000 1.00000 0.54419 0.12770
v -0.20484 0.07545 0.00000 1.00000 0.54419 0.12770
v -0.20484 0.07545 0.00000 1.00000 0.54419 0.12770
v -0.20484 0.07545 0.00000 1.00000 0.54419 0.12770
v -0.20484 0.07545 0.00000 1.00000 0.54419 0.12770
v -0.20484 0.07545 0.00000 1.00000 0.54419 0.12770
v -0.20484 0.07545 0.00000 1.00000 0.54419 0.12770
v -0.20484 0.07545 0.00000 1.00000 0.54419 0.12770
v -0.20484 0.07545 0.00000 1.00000 0.54419 0.12770
v -0.20484 0.07545 0.00000 1.00000 0.54419 0.12770
v -0.20484 0.07545 0.00000 1.00000 0.54419 0.12770
v -0.06330 0.20333 0.19481 1.00000 0.54419 0.12770
v -0.06330 0.20333 0.19481 1.00000 0.54419 0.12770
v -0.06330 0.20333 0.19481 1.00000 0.54419 0.12770
v -0.06330 0.20333 0.19481 1.00000 0.54419 0.12770
v -0.06330 0.20333 0.19481 1.00000 0.54419 0.12770
v -0.06330 0.20333 0.19481 1.00000 0.54419 0.12770
v -0.06330 0.20333 0.19481 1.00000 0.54419 0.12770
v -0.06330 0.20333 0.19481 1.00000 0.54419 0.12770
v -0.06330 0.20333 0.19481 1.00000 0.54419 0.12770
v -0.06330 0.20333 0.19481 1.00000 0.54419 0.12770
v -0.05219 0.20079 0.19481 1.00000 0.54419 0.12770
v -0.05479 0.20079 0.20195 1.00000 0.54419 0.12770
v -0.06137 0.20079 0.20575 1.00000 0.54419 0.12770
v -0.06885 0.20079 0.20443 1.00000 0.54419 0.12770
v -0.07374 0.20079 0.19861 1.00000 0.54419 0.12770
v -0.07374 0.20079 0.19101 1.00000 0.54419 0.12770
v -0.06885 0.20079 0.18519 1.00000 0.54419 0.12770
v -0.06137 0.20079 0.18387 1.00000 0.54419 0.12770
v -0.05479 0.20079 0.18767 1.00000 0.54419 0.12770
v -0.05219 0.20079 0.19481 1.00000 0.54419 0.12770
v -0.04328 0.19369 0.19481 1.00000 0.54419 0.12770
v -0.04796 0.19369 0.20768 1.00000 0.54419 0.12770
v -0.05982 0.19369 0.21453 1.00000 0.54419 0.12770
v -0.07331 0.19369 0.21215 1.00000 0.54419 0.12770
v -0.08211 0.19369 0.20166 1.00000 0.54419 0.12770
v -0.08211 0.19369 0.18797 1.00000 0.54419 0.12770
v -0.07331 0.19369 0.17748 1.00000 0.54419 0.12770
v -0.05982 0.19369 0.17510 1.00000 0.54419 0.12770
v -0.04796 0.19369 0.18195 1.00000 0.54419 0.12770
v -0.04328 0.19369 0.19481 1.00000 0.54419 0.12770
v -0.03834 0.18342 0.19481 1.00000 0.54419 0.12770
v -0.04418 0.18342 0.21086 1.00000 0.54419 0.12770
v -0.05896 0.18342 0.21940 1.00000 0.54419 0.12770
v -0.07578 0.18342 0.21643 1.00000 0.54419 0.12770
v -0.08676 0.18342 0.20335 1.00000 0.54419 0.12770
v -0.08676 0.18342 0.18628 1.00000 0.54419 0.12770
v -0.07578 0.18342 0.17319 1.00000 0.54419 0.12770
v -0.05896 0.18342 0.17023 1.00000 0.54419 0.12770
v -0.04418 0.18342 0.17877 1.00000 0.54419 0.12770
v -0.03834 0.18342 0.19481 1.00000 0.54419 0.12770
v -0.03834 0.17202 0.19481 1.00000 0.54419 0.12770
v -0.04418 0.17202 0.21086 1.00000 0.54419 0.12770
v -0.05896 0.17202 0.21940 1.00000 0.54419 0.12770
v -0.07578 0.17202 0.21643 1.00000 0.54419 0.12770
v -0.08676 0.17202 0.20335 1.00000 0.54419 0.12770
v -0.08676 0.17202 0.18628 1.00000 0.54419 0.12770
v -0.07578 0.17202 0.17319 1.00000 0.54419 0.12770
v -0.05896 0.17202 0.17023 1.00000 0.54419 0.12770
v -0.04418 0.17202 0.17877 1.00000 0.54419 0.12770
v -0.03834 0.17202 0.19481 1.00000 0.54419 0.12770
v -0.04328 0.16176 0.19481 1.00000 0.54419 0.12770
v -0.04796 0.16176 0.20768 1.00000 0.54419 0.12770
v -0.05982 0.16176 0.21453 1.00000 0.54419 0.12770
v -0.07331 0.16176 0.21215 1.00000 0.54419 0.12770
v -0.08211 0.16176 0.20166 1.00000 0.54419 0.12770
v -0.08211 0.16176 0.18797 1.00000 0.54419 0.12770
v -0.07331 0.16176 0.17748 1.00000 0.54419 0.12770
v -0.05982 0.16176 0.17510 1.00000 0.54419 0.12770
v -0.04796 0.16176 0.18195 1.00000 0.54419 0.12770
v -0.04328 0.16176 0.19481 1.00000 0.54419 0.12770
v -0.05219 0.15465 0.19481 1.00000 0.54419 0.12770
v -0.05479 0.15465 0.20195 1.00000 0.54419 0.12770
v -0.06137 0.15465 0.20575 1.00000 0.54419 0.12770
v -0.06885 0.15465 0.20443 1.00000 0.54419 0.12770
v -0.07374 0.15465 0.19861 1.00000 0.54419 0.12770
v -0.07374 0.15465 0.19101 1.00000 0.54419 0.12770
v -0.06885 0.15465 0.18519 1.00000 0.54419 0.12770
v -0.06137 0.15465 0.18387 1.00000 0.54419 0.12770
v -0.05479 0.15465 0.18767 1.00000 0.54419 0.12770
v -0.05219 0.15465 0.19481 1.00000 0.54419 0.12770
v -0.06330 0.15212 0.19481 1.00000 0.54419 0.12770
v -0.06330 0.15212 0.19481 1.00000 0.54419 0.12770
v -0.06330 0.15212 0.19481 1.00000 0.54419 0.12770
v -0.06330 0.15212 0.19481 1.00000 0.54419 0.12770
v -0.06330 0.15212 0.19481 1.00000 0.54419 0.12770
v -0.06330 0.15212 0.19481 1.00000 0.54419 0.12770
v -0.06330 0.15212 0.19481 1.00000 0.54419 0.12770
v -0.06330 0.15212 0.19481 1.00000 0.54419 0.12770
v -0.06330 0.15212 0.19481 1.00000 0.54419 0.12770
v -0.06330 0.15212 0.19481 1.00000 0.54419 0.12770
v 0.16572 0.11704 0.12040 1.00000 0.54419 0.12770
v 0.16572 0.11704 0.12040 1.00000 0.54419 0.12770
v 0.16572 0.11704 0.12040 1.00000 0.54419 0.12770
v 0.16572 0.11704 0.12040 1.00000 0.54419 0.12770
v 0.16572 0.11704 0.12040 1.00000 0.54419 0.12770
v 0.16572 0.11704 0.12040 1.00000 0.54419 0.12770
v 0.16572 0.11704 0.12040 1.00000 0.54419 0.12770
v 0.16572 0.11704 0.12040 1.00000 0.54419 0.12770
v 0.16572 0.11704 0.12040 1.00000 0.54419 0.12770
v 0.16572 0.11704 0.12040 1.00000 0.54419 0.12770
v 0.17683 0.11450 0.12040 1.00000 0.54419 0.12770
v 0.17423 0.11450 0.12754 1.00000 0.54419 0.12770
v 0.16765 0.11450 0.13134 1.00000 0.54419 0.12770
v 0.16016 0.11450 0.13002 1.00000 0.54419 0.12770
v 0.15528 0.11450 0.12420 1.00000 0.54419 0.12770
v 0.15528 0.11450 0.11660 1.00000 0.54419 0.12770
v 0.16016 0.11450 0.11078 1.00000 0.54419 0.12770
v 0.16765 0.11450 0.10946 1.00000 0.54419 0.12770
v 0.17423 0.11450 0.11326 1.00000 0.54419 0.12770
v 0.17683 0.11450 0.12040 1.00000 0.54419 0.12770
v 0.18574 0.10740 0.12040 1.00000 0.54419 0.12770
v 0.18105 0.10740 0.13327 1.00000 0.54419 0.12770
v 0.16919 0.10740 0.14012 1.00000 0.54419 0.12770
v 0.15571 0.10740 0.13774 1.00000 0.54419 0.12770
v 0.14691 0.10740 0.12725 1.00000 0.54419 0.12770
v 0.14691 0.10740 0.11355 1.00000 0.54419 0.12770
v 0.15571 0.10740 0.10306 1.00000 0.54419 0.12770
v 0.16919 0.10740 0.10069 1.00000 0.54419 0.12770
v 0.18105 0.10740 0.10753 1.00000 0.54419 0.12770
v 0.18574 0.10740 0.12040 1.00000 0.54419 0.12770
v 0.19068 0.09713 0.12040 1.00000 0.54419 0.12770
v 0.18484 0.09713 0.13645 1.00000 0.54419 0.12770
v 0.17005 0.09713 0.14498 1.00000 0.54419 0.12770
v 0.15324 0.09713 0.14202 1.00000 0.54419 0.12770
v 0.14226 0.09713 0.12894 1.00000 0.54419 0.12770
v 0.14226 0.09713 0.11186 1.00000 0.54419 0.12770
v 0.15324 0.09713 0.09878 1.00000 0.54419 0.12770
v 0.17005 0.09713 0.09582 1.00000 0.54419 0.12770
v 0.18484 0.09713 0.10436 1.00000 0.54419 0.12770
v 0.19068 0.09713 0.12040 1.00000 0.54419 0.12770
v 0.19068 0.08573 0.12040 1.00000 0.54419 0.12770
v 0.18484 0.08573 0.13645 1.00000 0.54419 0.12770
v 0.17005 0.08573 0.14498 1.00000 0.54419 0.12770
v 0.15324 0.08573 0.14202 1.00000 0.54419 0.12770
v 0.14226 0.08573 0.12894 1.00000 0.54419 0.12770
v 0.14226 0.08573 0.11186 1.00000 0.54419 0.12770
v 0.15324 0.08573 0.09878 1.00000 0.54419 0.12770
v 0.17005 0.08573 0.09582 1.00000 0.54419 0.12770
v 0.18484 0.08573 0.10436 1.00000 0.54419 0.12770
v 0.19068 0.08573 0.12040 1.00000 0.54419 0.12770
v 0.18574 0.07547 0.12040 1.00000 0.54419 0.12770
v 0.18105 0.07547 0.13327 1.00000 0.54419 0.12770
v 0.16919 0.07547 0.14012 1.00000 0.54419 0.12770
v 0.15571 0.07547 0.13774 1.00000 0.54419 0.12770
v 0.14691 0.07547 0.12725 1.00000 0.54419 0.12770
v 0.14691 0.07547 0.11355 1.00000 0.54419 0.12770
v 0.15571 0.07547 0.10306 1.00000 0.54419 0.12770
v 0.16919 0.07547 0.10069 1.00000 0.54419 0.12770
v 0.18105 0.07547 0.10753 1.00000 0.54419 0.12770
v 0.18574 0.07547 0.12040 1.00000 0.54419 0.12770
v 0.17683 0.06836 0.12040 1.00000 0.54419 0.12770
v 0.17423 0.06836 0.12754 1.00000 0.54419 0.12770
v 0.16765 0.06836 0.13134 1.00000 0.54419 0.12770
v 0.16016 0.06836 0.13002 1.00000 0.54419 0.12770
v 0.15528 0.06836 0.12420 1.00000 0.54419 0.12770
v 0.15528 0.06836 0.11660 1.00000 0.54419 0.12770
v 0.16016 0.06836 0.11078 1.00000 0.54419 0.12770
v 0.16765 0.06836 0.10946 1.00000 0.54419 0.12770
v 0.17423 0.06836 0.11326 1.00000 0.54419 0.12770
v 0.17683 0.06836 0.12040 1.00000 0.54419 0.12770
v 0.16572 0.06583 0.12040 1.00000 0.54419 0.12770
v 0.16572 0.06583 0.12040 1.00000 0.54419 0.12770
v 0.16572 0.06583 0.12040 1.00000 0.54419 0.12770
v 0.16572 0.06583 0.12040 1.00000 0.54419 0.12770
v 0.16572 0.06583 0.12040 1.00000 0.54419 0.12770
v 0.16572 0.06583 0.12040 1.00000 0.54419 0.12770
v 0.16572 0.06583 0.12040 1.00000 0.54419 0.12770
v 0.16572 0.06583 0.12040 1.00000 0.54419 0.12770
v 0.16572 0.06583 0.12040 1.00000 0.54419 0.12770
v 0.16572 0.06583 0.12040 1.00000 0.54419 0.12770
v 0.16572 0.05121 -0.12040 1.00000 0.54419 0.12770
v 0.16572 0.05121 -0.12040 1.00000 0.54419 0.12770
v 0.16572 0.05121 -0.12040 1.00000 0.54419 0.12770
v 0.16572 0.05121 -0.12040 1.00000 0.54419 0.12770
v 0.16572 0.05121 -0.12040 1.00000 0.54419 0.12770
v 0.16572 0.05121 -0.12040 1.00000 0.54419 0.12770
v 0.16572 0.05121 -0.12040 1.00000 0.54419 0.12770
v 0.16572 0.05121 -0.12040 1.00000 0.54419 0.12770
v 0.16572 0.05121 -0.12040 1.00000 0.54419 0.12770
v 0.16572 0.05121 -0.12040 1.00000 0.54419 0.12770
v 0.17683 0.04867 -0.12040 1.00000 0.54419 0.12770
v 0.17423 0.04867 -0.11326 1.00000 0.54419 0.12770
v 0.16765 0.04867 -0.10946 1.00000 0.54419 0.12770
v 0.16016 0.04867 -0.11078 1.00000 0.54419 0.12770
v 0.15528 0.04867 -0.11660 1.00000 0.54419 0.12770
v 0.15528 0.04867 -0.12420 1.00000 0.54419 0.12770
v 0.16016 0.04867 -0.13002 1.00000 0.54419 0.12770
v 0.16765 0.04867 -0.13134 1.00000 0.54419 0.12770
v 0.17423 0.04867 -0.12754 1.00000 0.54419 0.12770
v 0.17683 0.04867 -0.12040 1.00000 0.54419 0.12770
v 0.18574 0.04157 -0.12040 1.00000 0.54419 0.12770
v 0.18105 0.04157 -0.10753 1.00000 0.54419 0.12770
v 0.16919 0.04157 -0.10069 1.00000 0.54419 0.12770
v 0.15571 0.04157 -0.10306 1.00000 0.54419 0.12770
v 0.14691 0.04157 -0.11355 1.00000 0.54419 0.12770
v 0.14691 0.04157 -0.12725 1.00000 0.54419 0.12770
v 0.15571 0.04157 -0.13774 1.00000 0.54419 0.12770
v 0.16919 0.04157 -0.14012 1.00000 0.54419 0.12770
v 0.18105 0.04157 -0.13327 1.00000 0.54419 0.12770
v 0.18574 0.04157 -0.12040 1.00000 0.54419 0.12770
v 0.19068 0.03130 -0.12040 1.00000 0.54419 0.12770
v 0.18484 0.03130 -0.10436 1.00000 0.54419 0.12770
v 0.17005 0.03130 -0.09582 1.00000 0.54419 0.12770
v 0.15324 0.03130 -0.09878 1.00000 0.54419 0.12770
v 0.14226 0.03130 -0.11186 1.00000 0.54419 0.12770
v 0.14226 0.03130 -0.12894 1.00000 0.54419 0.12770
v 0.15324 0.03130 -0.14202 1.00000 0.54419 0.12770
v 0.17005 0.03130 -0.14498 1.00000 0.54419 0.12770
v 0.18484 0.03130 -0.13645 1.00000 0.54419 0.12770
v 0.19068 0.03130 -0.12040 1.00000 0.54419 0.12770
v 0.19068 0.01991 -0.12040 1.00000 0.54419 0.12770
v 0.18484 0.01991 -0.10436 1.00000 0.54419 0.12770
v 0.17005 0.01991 -0.09582 1.00000 0.54419 0.12770
v 0.15324 0.01991 -0.09878 1.00000 0.54419 0.12770
v 0.14226 0.01991 -0.11186 1.00000 0.54419 0.12770
v 0.14226 0.01991 -0.12894 1.00000 0.54419 0.12770
v 0.15324 0.01991 -0.14202 1.00000 0.54419 0.12770
v 0.17005 0.01991 -0.14498 1.00000 0.54419 0.12770
v 0.18484 0.01991 -0.13645 1.00000 0.54419 0.12770
v 0.19068 0.01991 -0.12040 1.00000 0.54419 0.12770
v 0.18574 0.00964 -0.12040 1.00000 0.54419 0.12770
v 0.18105 0.00964 -0.10753 1.00000 0.54419 0.12770
v 0.16919 0.00964 -0.10069 1.00000 0.54419 0.12770
v 0.15571 0.00964 -0.10306 1.00000 0.54419 0.12770
v 0.14691 0.00964 -0.11355 1.00000 0.54419 0.12770
v 0.14691 0.00964 -0.12725 1.00000 0.54419 0.12770
v 0.15571 0.00964 -0.13774 1.00000 0.54419 0.12770
v 0.16919 0.00964 -0.14012 1.00000 0.54419 0.12770
v 0.18105 0.00964 -0.13327 1.00000 0.54419 0.12770
v 0.18574 0.00964 -0.12040 1.00000 0.54419 0.12770
v 0.17683 0.00254 -0.12040 1.00000 0.54419 0.12770
v 0.17423 0.00254 -0.11326 1.00000 0.54419 0.12770
v 0.16765 0.00254 -0.10946 1.00000 0.54419 0.12770
v 0.16016 0.00254 -0.11078 1.00000 0.54419 0.12770
v 0.15528 0.00254 -0.11660 1.00000 0.54419 0.12770
v 0.15528 0.00254 -0.12420 1.00000 0.54419 0.12770
v 0.16016 0.00254 -0.13002 1.00000 0.54419 0.12770
v 0.16765 0.00254 -0.13134 1.00000 0.54419 0.12770
v 0.17423 0.00254 -0.12754 1.00000 0.54419 0.12770
v 0.17683 0.00254 -0.12040 1.00000 0.54419 0.12770
v 0.16572 0.00000 -0.12040 1.00000 0.54419 0.12770
v 0.16572 0.00000 -0.12040 1.00000 0.54419 0.12770
v 0.16572 0.00000 -0.12040 1.00000 0.54419 0.12770
v 0.16572 0.00000 -0.12040 1.00000 0.54419 0.12770
v 0.16572 0.00000 -0.12040 1.00000 0.54419 0.12770
v 0.16572 0.00000 -0.12040 1.00000 0.54419 0.12770
v 0.16572 0.00000 -0.12040 1.00000 0.54419 0.12770
v 0.16572 0.00000 -0.12040 1.00000 0.54419 0.12770
v 0.16572 0.00000 -0.12040 1.00000 0.54419 0.12770
v 0.16572 0.00000 -0.12040 1.00000 0.54419 0.12770
v -0.06330 0.14577 -0.19481 1.00000 0.54419 0.12770
v -0.06330 0.14577 -0.19481 1.00000 0.54419 0.12770
v -0.06330 0.14577 -0.19481 1.00000 0.54419 0.12770
v -0.06330 0.14577 -0.19481 1.00000 0.54419 0.12770
v -0.06330 0.14577 -0.19481 1.00000 0.54419 0.12770
v -0.06330 0.14577 -0.19481 1.00000 0.54419 0.12770
v -0.06330 0.14577 -0.19481 1.00000 0.54419 0.12770
v -0.06330 0.14577 -0.19481 1.00000 0.54419 0.12770
v -0.06330 0.14577 -0.19481 1.00000 0.54419 0.12770
v -0.06330 0.14577 -0.19481 1.00000 0.54419 0.12770
v -0.05219 0.14323 -0.19481 1.00000 0.54419 0.12770
v -0.05479 0.14323 -0.18767 1.00000 0.54419 0.12770
v -0.06137 0.14323 -0.18387 1.00000 0.54419 0.12770
v -0.06885 0.14323 -0.18519 1.00000 0.54419 0.12770
v -0.07374 0.14323 -0.19101 1.00000 0.54419 0.12770
v -0.07374 0.14323 -0.19861 1.00000 0.54419 0.12770
v -0.06885 0.14323 -0.20443 1.00000 0.54419 0.12770
v -0.06137 0.14323 -0.20575 1.00000 0.54419 0.12770
v -0.05479 0.14323 -0.20195 1.00000 0.54419 0.12770
v -0.05219 0.14323 -0.19481 1.00000 0.54419 0.12770
v -0.04328 0.13613 -0.19481 1.00000 0.54419 0.12770
v -0.04796 0.13613 -0.18195 1.00000 0.54419 0.12770
v -0.05982 0.13613 -0.17510 1.00000 0.54419 0.12770
v -0.07331 0.13613 -0.17748 1.00000 0.54419 0.12770
v -0.08211 0.13613 -0.18797 1.00000 0.54419 0.12770
v -0.08211 0.13613 -0.20166 1.00000 0.54419 0.12770
v -0.07331 0.13613 -0.21215 1.00000 0.54419 0.12770
v -0.05982 0.13613 -0.21453 1.00000 0.54419 0.12770
v -0.04796 0.13613 -0.20768 1.00000 0.54419 0.12770
v -0.04328 0.13613 -0.19481 1.00000 0.54419 0.12770
v -0.03834 0.12586 -0.19481 1.00000 0.54419 0.12770
v -0.04418 0.12586 -0.17877 1.00000 0.54419 0.12770
v -0.05896 0.12586 -0.17023 1.00000 0.54419 0.12770
v -0.07578 0.12586 -0.17319 1.00000 0.54419 0.12770
v -0.08676 0.12586 -0.18628 1.00000 0.54419 0.12770
v -0.08676 0.12586 -0.20335 1.00000 0.54419 0.12770
v -0.07578 0.12586 -0.21643 1.00000 0.54419 0.12770
v -0.05896 0.12586 -0.21940 1.00000 0.54419 0.12770
v -0.04418 0.12586 -0.21086 1.00000 0.54419 0.12770
v -0.03834 0.12586 -0.19481 1.00000 0.54419 0.12770
v -0.03834 0.11446 -0.19481 1.00000 0.54419 0.12770
v -0.04418 0.11446 -0.17877 1.00000 0.54419 0.12770
v -0.05896 0.11446 -0.17023 1.00000 0.54419 0.12770
v -0.07578 0.11446 -0.17319 1.00000 0.54419 0.12770
v -0.08676 0.11446 -0.18628 1.00000 0.54419 0.12770
v -0.08676 0.11446 -0.20335 1.00000 0.54419 0.12770
v -0.07578 0.11446 -0.21643 1.00000 0.54419 0.12770
v -0.05896 0.11446 -0.21940 1.00000 0.54419 0.12770
v -0.04418 0.11446 -0.21086 1.00000 0.54419 0.12770
v -0.03834 0.11446 -0.19481 1.00000 0.54419 0.12770
v -0.04328 0.10420 -0.19481 1.00000 0.54419 0.12770
v -0.04796 0.10420 -0.18195 1.00000 0.54419 0.12770
v -0.05982 0.10420 -0.17510 1.00000 0.54419 0.12770
v -0.07331 0.10420 -0.17748 1.00000 0.54419 0.12770
v -0.08211 0.10420 -0.18797 1.00000 0.54419 0.12770
v -0.08211 0.10420 -0.20166 1.00000 0.54419 0.12770
v -0.07331 0.10420 -0.21215 1.00000 0.54419 0.12770
v -0.05982 0.10420 -0.21453 1.00000 0.54419 0.12770
v -0.04796 0.10420 -0.20768 1.00000 0.54419 0.12770
v -0.04328 0.10420 -0.19481 1.00000 0.54419 0.12770
v -0.05219 0.09709 -0.19481 1.00000 0.54419 0.12770
v -0.05479 0.09709 -0.18767 1.00000 0.54419 0.12770
v -0.06137 0.09709 -0.18387 1.00000 0.54419 0.12770
v -0.06885 0.09709 -0.18519 1.00000 0.54419 0.12770
v -0.07374 0.09709 -0.19101 1.00000 0.54419 0.12770
v -0.07374 0.09709 -0.19861 1.00000 0.54419 0.12770
v -0.06885 0.09709 -0.20443 1.00000 0.54419 0.12770
v -0.06137 0.09709 -0.20575 1.00000 0.54419 0.12770
v -0.05479 0.09709 -0.20195 1.00000 0.54419 0.12770
v -0.05219 0.09709 -0.19481 1.00000 0.54419 0.12770
v -0.06330 0.09456 -0.19481 1.00000 0.54419 0.12770
v -0.06330 0.09456 -0.19481 1.00000 0.54419 0.12770
v -0.06330 0.09456 -0.19481 1.00000 0.54419 0.12770
v -0.06330 0.09456 -0.19481 1.00000 0.54419 0.12770
v -0.06330 0.09456 -0.19481 1.00000 0.54419 0.12770
v -0.06330 0.09456 -0.19481 1.00000 0.54419 0.12770
v -0.06330 0.09456 -0.19481 1.00000 0.54419 0.12770
v -0.06330 0.09456 -0.19481 1.00000 0.54419 0.12770
v -0.06330 0.09456 -0.19481 1.00000 0.54419 0.12770
v -0.06330 0.09456 -0.19481 1.00000 0.54419 0.12770
f 1 22 21
f 2 23 22
f 3 24 23
f 4 25 24
f 5 26 25
f 6 27 26
f 7 28 27
f 8 29 28
f 9 30 29
f 10 31 30
f 11 32 31
f 12 33 32
f 13 34 33
f 14 35 34
f 15 36 35
f 16 37 36
f 17 38 37
f 18 39 38
f 19 40 39
f 22 42 21
f 21 42 41
f 23 43 22
f 22 43 42
f 24 44 23
f 23 44 43
f 25 45 24
f 24 45 44
f 26 46 25
f 25 46 45
f 27 47 26
f 26 47 46
f 28 48 27
f 27 48 47
f 29 49 28
f 28 49 48
f 30 50 29
f 29 50 49
f 31 51 30
f 30 51 50
f 32 52 31
f 31 52 51
f 33 53 32
f 32 53 52
f 34 54 33
f 33 54 53
f 35 55 34
f 34 55 54
f 36 56 35
f 35 56 55
f 37 57 36
f 36 57 56
f 38 58 37
f 37 58 57
f 39 59 38
f 38 59 58
f 40 60 39
f 39 60 59
f 42 62 41
f 41 62 61
f 43 63 42
f 42 63 62
f 44 64 43
f 43 64 63
f 45 65 44
f 44 65 64
f 46 66 45
f 45 66 65
f 47 67 46
f 46 67 66
f 48 68 47
f 47 68 67
f 49 69 48
f 48 69 68
f 50 70 49
f 49 70 69
f 51 71 50
f 50 71 70
f 52 72 51
f 51 72 71
f 53 73 52
f 52 73 72
f 54 74 53
f 53 74 73
f 55 75 54
f 54 75 74
f 56 76 55
f 55 76 75
f 57 77 56
f 56 77 76
f 58 78 57
f 57 78 77
f 59 79 58
f 58 79 78
f 60 80 59
f 59 80 79
f 62 82 61
f 61 82 81
f 63 83 62
f 62 83 82
f 64 84 63
f 63 84 83
f 65 85 64
f 64 85 84
f 66 86 65
f 65 86 85
f 67 87 66
f 66 87 86
f 68 88 67
f 67 88 87
f 69 89 68
f 68 89 88
f 70 90 69
f 69 90 89
f 71 91 70
f 70 91 90
f 72 92 71
f 71 92 91
f 73 93 72
f 72 93 92
f 74 94 73
f 73 94 93
f 75 95 74
f 74 95 94
f 76 96 75
f 75 96 95
f 77 97 76
f 76 97 96
f 78 98 77
f 77 98 97
f 79 99 78
f 78 99 98
f 80 100 79
f 79 100 99
f 82 102 81
f 81 102 101
f 83 103 82
f 82 103 102
f 84 104 83
f 83 104 103
f 85 105 84
f 84 105 104
f 86 106 85
f 85 106 105
f 87 107 86
f 86 107 106
f 88 108 87
f 87 108 107
f 89 109 88
f 88 109 108
f 90 110 89
f 89 110 109
f 91 111 90
f 90 111 110
f 92 112 91
f 91 112 111
f 93 113 92
f 92 113 112
f 94 114 93
f 93 114 113
f 95 115 94
f 94 115 114
f 96 116 95
f 95 116 115
f 97 117 96
f 96 117 116
f 98 118 97
f 97 118 117
f 99 119 98
f 98 119 118
f 100 120 99
f 99 120 119
f 102 122 101
f 101 122 121
f 103 123 102
f 102 123 122
f 104 124 103
f 103 124 123
f 105 125 104
f 104 125 124
f 106 126 105
f 105 126 125
f 107 127 106
f 106 127 126
f 108 128 107
f 107 128 127
f 109 129 108
f 108 129 128
f 110 130 109
f 109 130 129
f 111 131 110
f 110 131 130
f 112 132 111
f 111 132 131
f 113 133 112
f 112 133 132
f 114 134 113
f 113 134 133
f 115 135 114
f 114 135 134
f 116 136 115
f 115 136 135
f 117 137 116
f 116 137 136
f 118 138 117
f 117 138 137
f 119 139 118
f 118 139 138
f 120 140 119
f 119 140 139
f 122 142 121
f 121 142 141
f 123 143 122
f 122 143 142
f 124 144 123
f 123 144 143
f 125 145 124
f 124 145 144
f 126 146 125
f 125 146 145
f 127 147 126
f 126 147 146
f 128 148 127
f 127 148 147
f 129 149 128
f 128 149 148
f 130 150 129
f 129 150 149
f 131 151 130
f 130 151 150
f 132 152 131
f 131 152 151
f 133 153 132
f 132 153 152
f 134 154 133
f 133 154 153
f 135 155 134
f 134 155 154
f 136 156 135
f 135 156 155
f 137 157 136
f 136 157 156
f 138 158 137
f 137 158 157
f 139 159 138
f 138 159 158
f 140 160 139
f 139 160 159
f 142 162 141
f 141 162 161
f 143 163 142
f 142 163 162
f 144 164 143
f 143 164 163
f 145 165 144
f 144 165 164
f 146 166 145
f 145 166 165
f 147 167 146
f 146 167 166
f 148 168 147
f 147 168 167
f 149 169 148
f 148 169 168
f 150 170 149
f 149 170 169
f 151 171 150
f 150 171 170
f 152 172 151
f 151 172 171
f 153 173 152
f 152 173 172
f 154 174 153
f 153 174 173
f 155 175 154
f 154 175 174
f 156 176 155
f 155 176 175
f 157 177 156
f 156 177 176
f 158 178 157
f 157 178 177
f 159 179 158
f 158 179 178
f 160 180 159
f 159 180 179
f 162 182 161
f 161 182 181
f 163 183 162
f 162 183 182
f 164 184 163
f 163 184 183
f 165 185 164
f 164 185 184
f 166 186 165
f 165 186 185
f 167 187 166
f 166 187 186
f 168 188 167
f 167 188 187
f 169 189 168
f 168 189 188
f 170 190 169
f 169 190 189
f 171 191 170
f 170 191 190
f 172 192 171
f 171 192 191
f 173 193 172
f 172 193 192
f 174 194 173
f 173 194 193
f 175 195 174
f 174 195 194
f 176 196 175
f 175 196 195
f 177 197 176
f 176 197 196
f 178 198 177
f 177 198 197
f 179 199 178
f 178 199 198
f 180 200 179
f 179 200 199
f 182 202 181
f 181 202 201
f 183 203 182
f 182 203 202
f 184 204 183
f 183 204 203
f 185 205 184
f 184 205 204
f 186 206 185
f 185 206 205
f 187 207 186
f 186 207 206
f 188 208 187
f 187 208 207
f 189 209 188
f 188 209 208
f 190 210 189
f 189 210 209
f 191 211 190
f 190 211 210
f 192 212 191
f 191 212 211
f 193 213 192
f 192 213 212
f 194 214 193
f 193 214 213
f 195 215 194
f 194 215 214
f 196 216 195
f 195 216 215
f 197 217 196
f 196 217 216
f 198 218 197
f 197 218 217
f 199 219 198
f 198 219 218
f 200 220 199
f 199 220 219
f 202 222 201
f 201 222 221
f 203 223 202
f 202 223 222
f 204 224 203
f 203 224 223
f 205 225 204
f 204 225 224
f 206 226 205
f 205 226 225
f 207 227 206
f 206 227 226
f 208 228 207
f 207 228 227
f 209 229 208
f 208 229 228
f 210 230 209
f 209 230 229
f 211 231 210
f 210 231 230
f 212 232 211
f 211 232 231
f 213 233 212
f 212 233 232
f 214 234 213
f 213 234 233
f 215 235 214
f 214 235 234
f 216 236 215
f 215 236 235
f 217 237 216
f 216 237 236
f 218 238 217
f 217 238 237
f 219 239 218
f 218 239 238
f 220 240 219
f 219 240 239
f 222 242 221
f 221 242 241
f 223 243 222
f 222 243 242
f 224 244 223
f 223 244 243
f 225 245 224
f 224 245 244
f 226 246 225
f 225 246 245
f 227 247 226
f 226 247 246
f 228 248 227
f 227 248 247
f 229 249 228
f 228 249 248
f 230 250 229
f 229 250 249
f 231 251 230
f 230 251 250
f 232 252 231
f 231 252 251
f 233 253 232
f 232 253 252
f 234 254 233
f 233 254 253
f 235 255 234
f 234 255 254
f 236 256 235
f 235 256 255
f 237 257 236
f 236 257 256
f 238 258 237
f 237 258 257
f 239 259 238
f 238 259 258
f 240 260 239
f 239 260 259
f 242 262 241
f 241 262 261
f 243 263 242
f 242 263 262
f 244 264 243
f 243 264 263
f 245 265 244
f 244 265 264
f 246 266 245
f 245 266 265
f 247 267 246
f 246 267 266
f 248 268 247
f 247 268 267
f 249 269 248
f 248 269 268
f 250 270 249
f 249 270 269
f 251 271 250
f 250 271 270
f 252 272 251
f 251 272 271
f 253 273 252
f 252 273 272
f 254 274 253
f 253 274 273
f 255 275 254
f 254 275 274
f 256 276 255
f 255 276 275
f 257 277 256
f 256 277 276
f 258 278 257
f 257 278 277
f 259 279 258
f 258 279 278
f 260 280 259
f 259 280 279
f 262 282 261
f 261 282 281
f 263 283 262
f 262 283 282
f 264 284 263
f 263 284 283
f 265 285 264
f 264 285 284
f 266 286 265
f 265 286 285
f 267 287 266
f 266 287 286
f 268 288 267
f 267 288 287
f 269 289 268
f 268 289 288
f 270 290 269
f 269 290 289
f 271 291 270
f 270 291 290
f 272 292 271
f 271 292 291
f 273 293 272
f 272 293 292
f 274 294 273
f 273 294 293
f 275 295 274
f 274 295 294
f 276 296 275
f 275 296 295
f 277 297 276
f 276 297 296
f 278 298 277
f 277 298 297
f 279 299 278
f 278 299 298
f 280 300 279
f 279 300 299
f 282 302 281
f 283 303 282
f 284 304 283
f 285 305 284
f 286 306 285
f 287 307 286
f 288 308 287
f 289 309 288
f 290 310 289
f 291 311 290
f 292 312 291
f 293 313 292
f 294 314 293
f 295 315 294
f 296 316 295
f 297 317 296
f 298 318 297
f 299 319 298
f 300 320 299
f 321 332 331
f 322 333 332
f 323 334 333
f 324 335 334
f 325 336 335
f 326 337 336
f 327 338 337
f 328 339 338
f 329 340 339
f 332 342 331
f 331 342 341
f 333 343 332
f 332 343 342
f 334 344 333
f 333 344 343
f 335 345 334
f 334 345 344
f 336 346 335
f 335 346 345
f 337 347 336
f 336 347 346
f 338 348 337
f 337 348 347
f 339 349 338
f 338 349 348
f 340 350 339
f 339 350 349
f 342 352 341
f 341 352 351
f 343 353 342
f 342 353 352
f 344 354 343
f 343 354 353
f 345 355 344
f 344 355 354
f 346 356 345
f 345 356 355
f 347 357 346
f 346 357 356
f 348 358 347
f 347 358 357
f 349 359 348
f 348 359 358
f 350 360 349
f 349 360 359
f 352 362 351
f 351 362 361
f 353 363 352
f 352 363 362
f 354 364 353
f 353 364 363
f 355 365 354
f 354 365 364
f 356 366 355
f 355 366 365
f 357 367 356
f 356 367 366
f 358 368 357
f 357 368 367
f 359 369 358
f 358 369 368
f 360 370 359
f 359 370 369
f 362 372 361
f 361 372 371
f 363 373 362
f 362 373 372
f 364 374 363
f 363 374 373
f 365 375 364
f 364 375 374
f 366 376 365
f 365 376 375
f 367 377 366
f 366 377 376
f 368 378 367
f 367 378 377
f 369 379 368
f 368 379 378
f 370 380 369
f 369 380 379
f 372 382 371
f 371 382 381
f 373 383 372
f 372 383 382
f 374 384 373
f 373 384 383
f 375 385 374
f 374 385 384
f 376 386 375
f 375 386 385
f 377 387 376
f 376 387 386
f 378 388 377
f 377 388 387
f 379 389 378
f 378 389 388
f 380 390 379
f 379 390 389
f 382 392 381
f 383 393 382
f 384 394 383
f 385 395 384
f 386 396 385
f 387 397 386
f 388 398 387
f 389 399 388
f 390 400 389
f 401 412 411
f 402 413 412
f 403 414 413
f 404 415 414
f 405 416 415
f 406 417 416
f 407 418 417
f 408 419 418
f 409 420 419
f 412 422 411
f 411 422 421
f 413 423 412
f 412 423 422
f 414 424 413
f 413 424 423
f 415 425 414
f 414 425 424
f 416 426 415
f 415 426 425
f 417 427 416
f 416 427 426
f 418 428 417
f 417 428 427
f 419 429 418
f 418 429 428
f 420 430 419
f 419 430 429
f 422 432 421
f 421 432 431
f 423 433 422
f 422 433 432
f 424 434 423
f 423 434 433
f 425 435 424
f 424 435 434
f 426 436 425
f 425 436 435
f 427 437 426
f 426 437 436
f 428 438 427
f 427 438 437
f 429 439 428
f 428 439 438
f 430 440 429
f 429 440 439
f 432 442 431
f 431 442 441
f 433 443 432
f 432 443 442
f 434 444 433
f 433 444 443
f 435 445 434
f 434 445 444
f 436 446 435
f 435 446 445
f 437 447 436
f 436 447 446
f 438 448 437
f 437 448 447
f 439 449 438
f 438 449 448
f 440 450 439
f 439 450 449
f 442 452 441
f 441 452 451
f 443 453 442
f 442 453 452
f 444 454 443
f 443 454 453
f 445 455 444
f 444 455 454
f 446 456 445
f 445 456 455
f 447 457 446
f 446 457 456
f 448 458 447
f 447 458 457
f 449 459 448
f 448 459 458
f 450 460 449
f 449 460 459
f 452 462 451
f 451 462 461
f 453 463 452
f 452 463 462
f 454 464 453
f 453 464 463
f 455 465 454
f 454 465 464
f 456 466 455
f 455 466 465
f 457 467 456
f 456 467 466
f 458 468 457
f 457 468 467
f 459 469 458
f 458 469 468
f 460 470 459
f 459 470 469
f 462 472 461
f 463 473 462
f 464 474 463
f 465 475 464
f 466 476 465
f 467 477 466
f 468 478 467
f 469 479 468
f 470 480 469
f 481 492 491
f 482 493 492
f 483 494 493
f 484 495 494
f 485 496 495
f 486 497 496
f 487 498 497
f 488 499 498
f 489 500 499
f 492 502 491
f 491 502 501
f 493 503 492
f 492 503 502
f 494 504 493
f 493 504 503
f 495 505 494
f 494 505 504
f 496 506 495
f 495 506 505
f 497 507 496
f 496 507 506
f 498 508 497
f 497 508 507
f 499 509 498
f 498 509 508
f 500 510 499
f 499 510 509
f 502 512 501
f 501 512 511
f 503 513 502
f 502 513 512
f 504 514 503
f 503 514 513
f 505 515 504
f 504 515 514
f 506 516 505
f 505 516 515
f 507 517 506
f 506 517 516
f 508 518 507
f 507 518 517
f 509 519 508
f 508 519 518
f 510 520 509
f 509 520 519
f 512 522 511
f 511 522 521
f 513 523 512
f 512 523 522
f 514 524 513
f 513 524 523
f 515 525 514
f 514 525 524
f 516 526 515
f 515 526 525
f 517 527 516
f 516 527 526
f 518 528 517
f 517 528 527
f 519 529 518
f 518 529 528
f 520 530 519
f 519 530 529
f 522 532 521
f 521 532 531
f 523 533 522
f 522 533 532
f 524 534 523
f 523 534 533
f 525 535 524
f 524 535 534
f 526 536 525
f 525 536 535
f 527 537 526
f 526 537 536
f 528 538 527
f 527 538 537
f 529 539 528
f 528 539 538
f 530 540 529
f 529 540 539
f 532 542 531
f 531 542 541
f 533 543 532
f 532 543 542
f 534 544 533
f 533 544 543
f 535 545 534
f 534 545 544
f 536 546 535
f 535 546 545
f 537 547 536
f 536 547 546
f 538 548 537
f 537 548 547
f 539 549 538
f 538 549 548
f 540 550 539
f 539 550 549
f 542 552 541
f 543 553 542
f 544 554 543
f 545 555 544
f 546 556 545
f 547 557 546
f 548 558 547
f 549 559 548
f 550 560 549
f 561 572 571
f 562 573 572
f 563 574 573
f 564 575 574
f 565 576 575
f 566 577 576
f 567 578 577
f 568 579 578
f 569 580 579
f 572 582 571
f 571 582 581
f 573 583 572
f 572 583 582
f 574 584 573
f 573 584 583
f 575 585 574
f 574 585 584
f 576 586 575
f 575 586 585
f 577 587 576
f 576 587 586
f 578 588 577
f 577 588 587
f 579 589 578
f 578 589 588
f 580 590 579
f 579 590 589
f 582 592 581
f 581 592 591
f 583 593 582
f 582 593 592
f 584 594 583
f 583 594 593
f 585 595 584
f 584 595 594
f 586 596 585
f 585 596 595
f 587 597 586
f 586 597 596
f 588 598 587
f 587 598 597
f 589 599 588
f 588 599 598
f 590 600 589
f 589 600 599
f 592 602 591
f 591 602 601
f 593 603 592
f 592 603 602
f 594 604 593
f 593 604 603
f 595 605 594
f 594 605 604
f 596 606 595
f 595 606 605
f 597 607 596
f 596 607 606
f 598 608 597
f 597 608 607
f 599 609 598
f 598 609 608
f 600 610 599
f 599 610 609
f 602 612 601
f 601 612 611
f 603 613 602
f 602 613 612
f 604 614 603
f 603 614 613
f 605 615 604
f 604 615 614
f 606 616 605
f 605 616 615
f 607 617 606
f 606 617 616
f 608 618 607
f 607 618 617
f 609 619 608
f 608 619 618
f 610 620 609
f 609 620 619
f 612 622 611
f 611 622 621
f 613 623 612
f 612 623 622
f 614 624 613
f 613 624 623
f 615 625 614
f 614 625 624
f 616 626 615
f 615 626 625
f 617 627 616
f 616 627 626
f 618 628 617
f 617 628 627
f 619 629 618
f 618 629 628
f 620 630 619
f 619 630 629
f 622 632 621
f 623 633 622
f 624 634 623
f 625 635 624
f 626 636 625
f 627 637 626
f 628 638 627
f 629 639 628
f 630 640 629
f 641 652 651
f 642 653 652
f 643 654 653
f 644 655 654
f 645 656 655
f 646 657 656
f 647 658 657
f 648 659 658
f 649 660 659
f 652 662 651
f 651 662 661
f 653 663 652
f 652 663 662
f 654 664 653
f 653 664 663
f 655 665 654
f 654 665 664
f 656 666 655
f 655 666 665
f 657 667 656
f 656 667 666
f 658 668 657
f 657 668 667
f 659 669 658
f 658 669 668
f 660 670 659
f 659 670 669
f 662 672 661
f 661 672 671
f 663 673 662
f 662 673 672
f 664 674 663
f 663 674 673
f 665 675 664
f 664 675 674
f 666 676 665
f 665 676 675
f 667 677 666
f 666 677 676
f 668 678 667
f 667 678 677
f 669 679 668
f 668 679 678
f 670 680 669
f 669 680 679
f 672 682 671
f 671 682 681
f 673 683 672
f 672 683 682
f 674 684 673
f 673 684 683
f 675 685 674
f 674 685 684
f 676 686 675
f 675 686 685
f 677 687 676
f 676 687 686
f 678 688 677
f 677 688 687
f 679 689 678
f 678 689 688
f 680 690 679
f 679 690 689
f 682 692 681
f 681 692 691
f 683 693 682
f 682 693 692
f 684 694 683
f 683 694 693
f 685 695 684
f 684 695 694
f 686 696 685
f 685 696 695
f 687 697 686
f 686 697 696
f 688 698 687
f 687 698 697
f 689 699 688
f 688 699 698
f 690 700 689
f 689 700 699
f 692 702 691
f 691 702 701
f 693 703 692
f 692 703 702
f 694 704 693
f 693 704 703
f 695 705 694
f 694 705 704
f 696 706 695
f 695 706 705
f 697 707 696
f 696 707 706
f 698 708 697
f 697 708 707
f 699 709 698
f 698 709 708
f 700 710 699
f 699 710 709
f 702 712 701
f 703 713 702
f 704 714 703
f 705 715 704
f 706 716 705
f 707 717 706
f 708 718 707
f 709 719 708
f 710 720 709
v 0.00000 0.85000 0.00000 1.00000 0.64148 0.30197
v 0.00000 0.85000 0.00000 1.00000 0.64148 0.30197
v 0.00000 0.85000 0.00000 1.00000 0.64148 0.30197
v 0.00000 0.85000 0.00000 1.00000 0.64148 0.30197
v 0.00000 0.85000 0.00000 1.00000 0.64148 0.30197
v 0.00000 0.85000 0.00000 1.00000 0.64148 0.30197
v 0.00000 0.85000 0.00000 1.00000 0.64148 0.30197
v 0.00000 0.85000 0.00000 1.00000 0.64148 0.30197
v 0.00000 0.85000 0.00000 1.00000 0.64148 0.30197
v 0.00000 0.85000 0.00000 1.00000 0.64148 0.30197
v 0.00000 0.85000 0.00000 1.00000 0.64148 0.30197
v 0.00000 0.85000 0.00000 1.00000 0.64148 0.30197
v 0.00000 0.85000 0.00000 1.00000 0.64148 0.30197
v 0.00000 0.85000 0.00000 1.00000 0.64148 0.30197
v 0.00000 0.85000 0.00000 1.00000 0.64148 0.30197
v 0.00000 0.85000 0.00000 1.00000 0.64148 0.30197
v 0.06958 0.84084 0.00000 1.00000 0.64148 0.30197
v 0.06357 0.84084 0.02830 1.00000 0.64148 0.30197
v 0.04656 0.84084 0.05171 1.00000 0.64148 0.30197
v 0.02150 0.84084 0.06618 1.00000 0.64148 0.30197
v -0.00727 0.84084 0.06920 1.00000 0.64148 0.30197
v -0.03479 0.84084 0.06026 1.00000 0.64148 0.30197
v -0.05629 0.84084 0.04090 1.00000 0.64148 0.30197
v -0.06806 0.84084 0.01447 1.00000 0.64148 0.30197
v -0.06806 0.84084 -0.01447 1.00000 0.64148 0.30197
v -0.05629 0.84084 -0.04090 1.00000 0.64148 0.30197
v -0.03479 0.84084 -0.06026 1.00000 0.64148 0.30197
v -0.00727 0.84084 -0.06920 1.00000 0.64148 0.30197
v 0.02150 0.84084 -0.06618 1.00000 0.64148 0.30197
v 0.04656 0.84084 -0.05171 1.00000 0.64148 0.30197
v 0.06357 0.84084 -0.02830 1.00000 0.64148 0.30197
v 0.06958 0.84084 -0.00000 1.00000 0.64148 0.30197
v 0.13443 0.81398 0.00000 1.00000 0.64148 0.30197
v 0.12280 0.81398 0.05468 1.00000 0.64148 0.30197
v 0.08995 0.81398 0.09990 1.00000 0.64148 0.30197
v 0.04154 0.81398 0.12785 1.00000 0.64148 0.30197
v -0.01405 0.81398 0.13369 1.00000 0.64148 0.30197
v -0.06721 0.81398 0.11642 1.00000 0.64148 0.30197
v -0.10875 0.81398 0.07901 1.00000 0.64148 0.30197
v -0.13149 0.81398 0.02795 1.00000 0.64148 0.30197
v -0.13149 0.81398 -0.02795 1.00000 0.64148 0.30197
v -0.10875 0.81398 -0.07901 1.00000 0.64148 0.30197
v -0.06721 0.81398 -0.11642 1.00000 0.64148 0.30197
v -0.01405 0.81398 -0.13369 1.00000 0.64148 0.30197
v 0.04154 0.81398 -0.12785 1.00000 0.64148 0.30197
v 0.08995 0.81398 -0.09990 1.00000 0.64148 0.30197
v 0.12280 0.81398 -0.05468 1.00000 0.64148 0.30197
v 0.13443 0.81398 -0.00000 1.00000 0.64148 0.30197
v 0.19011 0.77126 0.00000 1.00000 0.64148 0.30197
v 0.17367 0.77126 0.07732 1.00000 0.64148 0.30197
v 0.12721 0.77126 0.14128 1.00000 0.64148 0.30197
v 0.05875 0.77126 0.18080 1.00000 0.64148 0.30197
v -0.01987 0.77126 0.18906 1.00000 0.64148 0.30197
v -0.09505 0.77126 0.16464 1.00000 0.64148 0.30197
v -0.15380 0.77126 0.11174 1.00000 0.64148 0.30197
v -0.18595 0.77126 0.03953 1.00000 0.64148 0.30197
v -0.18595 0.77126 -0.03953 1.00000 0.64148 0.30197
v -0.15380 0.77126 -0.11174 1.00000 0.64148 0.30197
v -0.09505 0.77126 -0.16464 1.00000 0.64148 0.30197
v -0.01987 0.77126 -0.18906 1.00000 0.64148 0.30197
v 0.05875 0.77126 -0.18080 1.00000 0.64148 0.30197
v 0.12721 0.77126 -0.14128 1.00000 0.64148 0.30197
v 0.17367 0.77126 -0.07732 1.00000 0.64148 0.30197
v 0.19011 0.77126 -0.00000 1.00000 0.64148 0.30197
v 0.23283 0.71557 0.00000 1.00000 0.64148 0.30197
v 0.21270 0.71557 0.09470 1.00000 0.64148 0.30197
v 0.15579 0.71557 0.17303 1.00000 0.64148 0.30197
v 0.07195 0.71557 0.22144 1.00000 0.64148 0.30197
v -0.02434 0.71557 0.23156 1.00000 0.64148 0.30197
v -0.11642 0.71557 0.20164 1.00000 0.64148 0.30197
v -0.18836 0.71557 0.13685 1.00000 0.64148 0.30197
v -0.22774 0.71557 0.04841 1.00000 0.64148 0.30197
v -0.22774 0.71557 -0.04841 1.00000 0.64148 0.30197
v -0.18836 0.71557 -0.13685 1.00000 0.64148 0.30197
v -0.11642 0.71557 -0.20164 1.00000 0.64148 0.30197
v -0.02434 0.71557 -0.23156 1.00000 0.64148 0.30197
v 0.07195 0.71557 -0.22144 1.00000 0.64148 0.30197
v 0.15579 0.71557 -0.17303 1.00000 0.64148 0.30197
v 0.21270 0.71557 -0.09470 1.00000 0.64148 0.30197
v 0.23283 0.71557 -0.00000 1.00000 0.64148 0.30197
v 0.25969 0.65073 0.00000 1.00000 0.64148 0.30197
v 0.23724 0.65073 0.10563 1.00000 0.64148 0.30197
v 0.17377 0.65073 0.19299 1.00000 0.64148 0.30197
v 0.08025 0.65073 0.24698 1.00000 0.64148 0.30197
v -0.02714 0.65073 0.25827 1.00000 0.64148 0.30197
v -0.12984 0.65073 0.22490 1.00000 0.64148 0.30197
v -0.21009 0.65073 0.15264 1.00000 0.64148 0.30197
v -0.25402 0.65073 0.05399 1.00000 0.64148 0.30197
v -0.25402 0.65073 -0.05399 1.00000 0.64148 0.30197
v -0.21009 0.65073 -0.15264 1.00000 0.64148 0.30197
v -0.12984 0.65073 -0.22490 1.00000 0.64148 0.30197
v -0.02714 0.65073 -0.25827 1.00000 0.64148 0.30197
v 0.08025 0.65073 -0.24698 1.00000 0.64148 0.30197
v 0.17377 0.65073 -0.19299 1.00000 0.64148 0.30197
v 0.23724 0.65073 -0.10563 1.00000 0.64148 0.30197
v 0.25969 0.65073 -0.00000 1.00000 0.64148 0.30197
v 0.26885 0.58115 0.00000 1.00000 0.64148 0.30197
v 0.24561 0.58115 0.10935 1.00000 0.64148 0.30197
v 0.17990 0.58115 0.19980 1.00000 0.64148 0.30197
v 0.08308 0.58115 0.25569 1.00000 0.64148 0.30197
v -0.02810 0.58115 0.26738 1.00000 0.64148 0.30197
v -0.13443 0.58115 0.23283 1.00000 0.64148 0.30197
v -0.21750 0.58115 0.15803 1.00000 0.64148 0.30197
v -0.26298 0.58115 0.05590 1.00000 0.64148 0.30197
v -0.26298 0.58115 -0.05590 1.00000 0.64148 0.30197
v -0.21750 0.58115 -0.15803 1.00000 0.64148 0.30197
v -0.13443 0.58115 -0.23283 1.00000 0.64148 0.30197
v -0.02810 0.58115 -0.26738 1.00000 0.64148 0.30197
v 0.08308 0.58115 -0.25569 1.00000 0.64148 0.30197
v 0.17990 0.58115 -0.19980 1.00000 0.64148 0.30197
v 0.24561 0.58115 -0.10935 1.00000 0.64148 0.30197
v 0.26885 0.58115 -0.00000 1.00000 0.64148 0.30197
v 0.25969 0.51157 0.00000 1.00000 0.64148 0.30197
v 0.23724 0.51157 0.10563 1.00000 0.64148 0.30197
v 0.17377 0.51157 0.19299 1.00000 0.64148 0.30197
v 0.08025 0.51157 0.24698 1.00000 0.64148 0.30197
v -0.02714 0.51157 0.25827 1.00000 0.64148 0.30197
v -0.12984 0.51157 0.22490 1.00000 0.64148 0.30197
v -0.21009 0.51157 0.15264 1.00000 0.64148 0.30197
v -0.25402 0.51157 0.05399 1.00000 0.64148 0.30197
v -0.25402 0.51157 -0.05399 1.00000 0.64148 0.30197
v -0.21009 0.51157 -0.15264 1.00000 0.64148 0.30197
v -0.12984 0.51157 -0.22490 1.00000 0.64148 0.30197
v -0.02714 0.51157 -0.25827 1.00000 0.64148 0.30197
v 0.08025 0.51157 -0.24698 1.00000 0.64148 0.30197
v 0.17377 0.51157 -0.19299 1.00000 0.64148 0.30197
v 0.23724 0.51157 -0.10563 1.00000 0.64148 0.30197
v 0.25969 0.51157 -0.00000 1.00000 0.64148 0.30197
v 0.23283 0.44672 0.00000 1.00000 0.64148 0.30197
v 0.21270 0.44672 0.09470 1.00000 0.64148 0.30197
v 0.15579 0.44672 0.17303 1.00000 0.64148 0.30197
v 0.07195 0.44672 0.22144 1.00000 0.64148 0.30197
v -0.02434 0.44672 0.23156 1.00000 0.64148 0.30197
v -0.11642 0.44672 0.20164 1.00000 0.64148 0.30197
v -0.18836 0.44672 0.13685 1.00000 0.64148 0.30197
v -0.22774 0.44672 0.04841 1.00000 0.64148 0.30197
v -0.22774 0.44672 -0.04841 1.00000 0.64148 0.30197
v -0.18836 0.44672 -0.13685 1.00000 0.64148 0.30197
v -0.11642 0.44672 -0.20164 1.00000 0.64148 0.30197
v -0.02434 0.44672 -0.23156 1.00000 0.64148 0.30197
v 0.07195 0.44672 -0.22144 1.00000 0.64148 0.30197
v 0.15579 0.44672 -0.17303 1.00000 0.64148 0.30197
v 0.21270 0.44672 -0.09470 1.00000 0.64148 0.30197
v 0.23283 0.44672 -0.00000 1.00000 0.64148 0.30197
v 0.19011 0.39104 0.00000 1.00000 0.64148 0.30197
v 0.17367 0.39104 0.07732 1.00000 0.64148 0.30197
v 0.12721 0.39104 0.14128 1.00000 0.64148 0.30197
v 0.05875 0.39104 0.18080 1.00000 0.64148 0.30197
v -0.01987 0.39104 0.18906 1.00000 0.64148 0.30197
v -0.09505 0.39104 0.16464 1.00000 0.64148 0.30197
v -0.15380 0.39104 0.11174 1.00000 0.64148 0.30197
v -0.18595 0.39104 0.03953 1.00000 0.64148 0.30197
v -0.18595 0.39104 -0.03953 1.00000 0.64148 0.30197
v -0.15380 0.39104 -0.11174 1.00000 0.64148 0.30197
v -0.09505 0.39104 -0.16464 1.00000 0.64148 0.30197
v -0.01987 0.39104 -0.18906 1.00000 0.64148 0.30197
v 0.05875 0.39104 -0.18080 1.00000 0.64148 0.30197
v 0.12721 0.39104 -0.14128 1.00000 0.64148 0.30197
v 0.17367 0.39104 -0.07732 1.00000 0.64148 0.30197
v 0.19011 0.39104 -0.00000 1.00000 0.64148 0.30197
v 0.13443 0.34832 0.00000 1.00000 0.64148 0.30197
v 0.12280 0.34832 0.05468 1.00000 0.64148 0.30197
v 0.08995 0.34832 0.09990 1.00000 0.64148 0.30197
v 0.04154 0.34832 0.12785 1.00000 0.64148 0.30197
v -0.01405 0.34832 0.13369 1.00000 0.64148 0.30197
v -0.06721 0.34832 0.11642 1.00000 0.64148 0.30197
v -0.10875 0.34832 0.07901 1.00000 0.64148 0.30197
v -0.13149 0.34832 0.02795 1.00000 0.64148 0.30197
v -0.13149 0.34832 -0.02795 1.00000 0.64148 0.30197
v -0.10875 0.34832 -0.07901 1.00000 0.64148 0.30197
v -0.06721 0.34832 -0.11642 1.00000 0.64148 0.30197
v -0.01405 0.34832 -0.13369 1.00000 0.64148 0.30197
v 0.04154 0.34832 -0.12785 1.00000 0.64148 0.30197
v 0.08995 0.34832 -0.09990 1.00000 0.64148 0.30197
v 0.12280 0.34832 -0.05468 1.00000 0.64148 0.30197
v 0.13443 0.34832 -0.00000 1.00000 0.64148 0.30197
v 0.06958 0.32146 0.00000 1.00000 0.64148 0.30197
v 0.06357 0.32146 0.02830 1.00000 0.64148 0.30197
v 0.04656 0.32146 0.05171 1.00000 0.64148 0.30197
v 0.02150 0.32146 0.06618 1.00000 0.64148 0.30197
v -0.00727 0.32146 0.06920 1.00000 0.64148 0.30197
v -0.03479 0.32146 0.06026 1.00000 0.64148 0.30197
v -0.05629 0.32146 0.04090 1.00000 0.64148 0.30197
v -0.06806 0.32146 0.01447 1.00000 0.64148 0.30197
v -0.06806 0.32146 -0.01447 1.00000 0.64148 0.30197
v -0.05629 0.32146 -0.04090 1.00000 0.64148 0.30197
v -0.03479 0.32146 -0.06026 1.00000 0.64148 0.30197
v -0.00727 0.32146 -0.06920 1.00000 0.64148 0.30197
v 0.02150 0.32146 -0.06618 1.00000 0.64148 0.30197
v 0.04656 0.32146 -0.05171 1.00000 0.64148 0.30197
v 0.06357 0.32146 -0.02830 1.00000 0.64148 0.30197
v 0.06958 0.32146 -0.00000 1.00000 0.64148 0.30197
v 0.00000 0.31230 0.00000 1.00000 0.64148 0.30197
v 0.00000 0.31230 0.00000 1.00000 0.64148 0.30197
v 0.00000 0.31230 0.00000 1.00000 0.64148 0.30197
v 0.00000 0.31230 0.00000 1.00000 0.64148 0.30197
v 0.00000 0.31230 0.00000 1.00000 0.64148 0.30197
v 0.00000 0.31230 0.00000 1.00000 0.64148 0.30197
v 0.00000 0.31230 0.00000 1.00000 0.64148 0.30197
v 0.00000 0.31230 0.00000 1.00000 0.64148 0.30197
v 0.00000 0.31230 0.00000 1.00000 0.64148 0.30197
v 0.00000 0.31230 0.00000 1.00000 0.64148 0.30197
v 0.00000 0.31230 0.00000 1.00000 0.64148 0.30197
v 0.00000 0.31230 0.00000 1.00000 0.64148 0.30197
v 0.00000 0.31230 0.00000 1.00000 0.64148 0.30197
v 0.00000 0.31230 0.00000 1.00000 0.64148 0.30197
v 0.00000 0.31230 0.00000 1.00000 0.64148 0.30197
v 0.00000 0.31230 0.00000 1.00000 0.64148 0.30197
f 721 738 737
f 722 739 738
f 723 740 739
f 724 741 740
f 725 742 741
f 726 743 742
f 727 744 743
f 728 745 744
f 729 746 745
f 730 747 746
f 731 748 747
f 732 749 748
f 733 750 749
f 734 751 750
f 735 752 751
f 738 754 737
f 737 754 753
f 739 755 738
f 738 755 754
f 740 756 739
f 739 756 755
f 741 757 740
f 740 757 756
f 742 758 741
f 741 758 757
f 743 759 742
f 742 759 758
f 744 760 743
f 743 760 759
f 745 761 744
f 744 761 760
f 746 762 745
f 745 762 761
f 747 763 746
f 746 763 762
f 748 764 747
f 747 764 763
f 749 765 748
f 748 765 764
f 750 766 749
f 749 766 765
f 751 767 750
f 750 767 766
f 752 768 751
f 751 768 767
f 754 770 753
f 753 770 769
f 755 771 754
f 754 771 770
f 756 772 755
f 755 772 771
f 757 773 756
f 756 773 772
f 758 774 757
f 757 774 773
f 759 775 758
f 758 775 774
f 760 776 759
f 759 776 775
f 761 777 760
f 760 777 776
f 762 778 761
f 761 778 777
f 763 779 762
f 762 779 778
f 764 780 763
f 763 780 779
f 765 781 764
f 764 781 780
f 766 782 765
f 765 782 781
f 767 783 766
f 766 783 782
f 768 784 767
f 767 784 783
f 770 786 769
f 769 786 785
f 771 787 770
f 770 787 786
f 772 788 771
f 771 788 787
f 773 789 772
f 772 789 788
f 774 790 773
f 773 790 789
f 775 791 774
f 774 791 790
f 776 792 775
f 775 792 791
f 777 793 776
f 776 793 792
f 778 794 777
f 777 794 793
f 779 795 778
f 778 795 794
f 780 796 779
f 779 796 795
f 781 797 780
f 780 797 796
f 782 798 781
f 781 798 797
f 783 799 782
f 782 799 798
f 784 800 783
f 783 800 799
f 786 802 785
f 785 802 801
f 787 803 786
f 786 803 802
f 788 804 787
f 787 804 803
f 789 805 788
f 788 805 804
f 790 806 789
f 789 806 805
f 791 807 790
f 790 807 806
f 792 808 791
f 791 808 807
f 793 809 792
f 792 809 808
f 794 810 793
f 793 810 809
f 795 811 794
f 794 811 810
f 796 812 795
f 795 812 811
f 797 813 796
f 796 813 812
f 798 814 797
f 797 814 813
f 799 815 798
f 798 815 814
f 800 816 799
f 799 816 815
f 802 818 801
f 801 818 817
f 803 819 802
f 802 819 818
f 804 820 803
f 803 820 819
f 805 821 804
f 804 821 820
f 806 822 805
f 805 822 821
f 807 823 806
f 806 823 822
f 808 824 807
f 807 824 823
f 809 825 808
f 808 825 824
f 810 826 809
f 809 826 825
f 811 827 810
f 810 827 826
f 812 828 811
f 811 828 827
f 813 829 812
f 812 829 828
f 814 830 813
f 813 830 829
f 815 831 814
f 814 831 830
f 816 832 815
f 815 832 831
f 818 834 817
f 817 834 833
f 819 835 818
f 818 835 834
f 820 836 819
f 819 836 835
f 821 837 820
f 820 837 836
f 822 838 821
f 821 838 837
f 823 839 822
f 822 839 838
f 824 840 823
f 823 840 839
f 825 841 824
f 824 841 840
f 826 842 825
f 825 842 841
f 827 843 826
f 826 843 842
f 828 844 827
f 827 844 843
f 829 845 828
f 828 845 844
f 830 846 829
f 829 846 845
f 831 847 830
f 830 847 846
f 832 848 831
f 831 848 847
f 834 850 833
f 833 850 849
f 835 851 834
f 834 851 850
f 836 852 835
f 835 852 851
f 837 853 836
f 836 853 852
f 838 854 837
f 837 854 853
f 839 855 838
f 838 855 854
f 840 856 839
f 839 856 855
f 841 857 840
f 840 857 856
f 842 858 841
f 841 858 857
f 843 859 842
f 842 859 858
f 844 860 843
f 843 860 859
f 845 861 844
f 844 861 860
f 846 862 845
f 845 862 861
f 847 863 846
f 846 863 862
f 848 864 847
f 847 864 863
f 850 866 849
f 849 866 865
f 851 867 850
f 850 867 866
f 852 868 851
f 851 868 867
f 853 869 852
f 852 869 868
f 854 870 853
f 853 870 869
f 855 871 854
f 854 871 870
f 856 872 855
f 855 872 871
f 857 873 856
f 856 873 872
f 858 874 857
f 857 874 873
f 859 875 858
f 858 875 874
f 860 876 859
f 859 876 875
f 861 877 860
f 860 877 876
f 862 878 861
f 861 878 877
f 863 879 862
f 862 879 878
f 864 880 863
f 863 880 879
f 866 882 865
f 865 882 881
f 867 883 866
f 866 883 882
f 868 884 867
f 867 884 883
f 869 885 868
f 868 885 884
f 870 886 869
f 869 886 885
f 871 887 870
f 870 887 886
f 872 888 871
f 871 888 887
f 873 889 872
f 872 889 888
f 874 890 873
f 873 890 889
f 875 891 874
f 874 891 890
f 876 892 875
f 875 892 891
f 877 893 876
f 876 893 892
f 878 894 877
f 877 894 893
f 879 895 878
f 878 895 894
f 880 896 879
f 879 896 895
f 882 898 881
f 881 898 897
f 883 899 882
f 882 899 898
f 884 900 883
f 883 900 899
f 885 901 884
f 884 901 900
f 886 902 885
f 885 902 901
f 887 903 886
f 886 903 902
f 888 904 887
f 887 904 903
f 889 905 888
f 888 905 904
f 890 906 889
f 889 906 905
f 891 907 890
f 890 907 906
f 892 908 891
f 891 908 907
f 893 909 892
f 892 909 908
f 894 910 893
f 893 910 909
f 895 911 894
f 894 911 910
f 896 912 895
f 895 912 911
f 898 914 897
f 899 915 898
f 900 916 899
f 901 917 900
f 902 918 901
f 903 919 902
f 904 920 903
f 905 921 904
f 906 922 905
f 907 923 906
f 908 924 907
f 909 925 908
f 910 926 909
f 911 927 910
f 912 928 911