v 0.00000 0.96000 0.00000 0.08032 0.72562 0.21513
v 0.00000 0.96000 0.00000 0.08032 0.72562 0.21513
v 0.00000 0.96000 0.00000 0.08032 0.72562 0.21513
v 0.00000 0.96000 0.00000 0.08032 0.72562 0.21513
v 0.00000 0.96000 0.00000 0.08032 0.72562 0.21513
v 0.00000 0.96000 0.00000 0.08032 0.72562 0.21513
v 0.00000 0.96000 0.00000 0.08032 0.72562 0.21513
v 0.00000 0.96000 0.00000 0.08032 0.72562 0.21513
v 0.00000 0.96000 0.00000 0.08032 0.72562 0.21513
v 0.00000 0.96000 0.00000 0.08032 0.72562 0.21513
v 0.00000 0.96000 0.00000 0.08032 0.72562 0.21513
v 0.00000 0.96000 0.00000 0.08032 0.72562 0.21513
v 0.00000 0.96000 0.00000 0.08032 0.72562 0.21513
v 0.00000 0.96000 0.00000 0.08032 0.72562 0.21513
v 0.00000 0.96000 0.00000 0.08032 0.72562 0.21513
v 0.00000 0.96000 0.00000 0.08032 0.72562 0.21513
v 0.00000 0.96000 0.00000 0.08032 0.72562 0.21513
v 0.00000 0.96000 0.00000 0.08032 0.72562 0.21513
v 0.00000 0.96000 0.00000 0.08032 0.72562 0.21513
v 0.00000 0.96000 0.00000 0.08032 0.72562 0.21513
v 0.00000 0.96000 0.00000 0.08032 0.72562 0.21513
v 0.00000 0.96000 0.00000 0.08032 0.72562 0.21513
v 0.00000 0.96000 0.00000 0.08032 0.72562 0.21513
v 0.00000 0.96000 0.00000 0.08032 0.72562 0.21513
v 0.00000 0.96000 0.00000 0.08032 0.72562 0.21513
v 0.07901 0.95345 0.00000 0.08032 0.72562 0.21513
v 0.07631 0.95345 0.02045 0.08032 0.72562 0.21513
v 0.06842 0.95345 0.03950 0.08032 0.72562 0.21513
v 0.05587 0.95345 0.05587 0.08032 0.72562 0.21513
v 0.03950 0.95345 0.06842 0.08032 0.72562 0.21513
v 0.02045 0.95345 0.07631 0.08032 0.72562 0.21513
v 0.00000 0.95345 0.07901 0.08032 0.72562 0.21513
v -0.02045 0.95345 0.07631 0.08032 0.72562 0.21513
v -0.03950 0.95345 0.06842 0.08032 0.72562 0.21513
v -0.05587 0.95345 0.05587 0.08032 0.72562 0.21513
v -0.06842 0.95345 0.03950 0.08032 0.72562 0.21513
v -0.07631 0.95345 0.02045 0.08032 0.72562 0.21513
v -0.07901 0.95345 0.00000 0.08032 0.72562 0.21513
v -0.07631 0.95345 -0.02045 0.08032 0.72562 0.21513
v -0.06842 0.95345 -0.03950 0.08032 0.72562 0.21513
v -0.05587 0.95345 -0.05587 0.08032 0.72562 0.21513
v -0.03950 0.95345 -0.06842 0.08032 0.72562 0.21513
v -0.02045 0.95345 -0.07631 0.08032 0.72562 0.21513
v -0.00000 0.95345 -0.07901 0.08032 0.72562 0.21513
v 0.02045 0.95345 -0.07631 0.08032 0.72562 0.21513
v 0.03950 0.95345 -0.06842 0.08032 0.72562 0.21513
v 0.05587 0.95345 -0.05587 0.08032 0.72562 0.21513
v 0.06842 0.95345 -0.03950 0.08032 0.72562 0.21513
v 0.07631 0.95345 -0.02045 0.08032 0.72562 0.21513
v 0.07901 0.95345 -0.00000 0.08032 0.72562 0.21513
v 0.15586 0.93399 0.00000 0.08032 0.72562 0.21513
v 0.15055 0.93399 0.04034 0.08032 0.72562 0.21513
v 0.13498 0.93399 0.07793 0.08032 0.72562 0.21513
v 0.11021 0.93399 0.11021 0.08032 0.72562 0.21513
v 0.07793 0.93399 0.13498 0.08032 0.72562 0.21513
v 0.04034 0.93399 0.15055 0.08032 0.72562 0.21513
v 0.00000 0.93399 0.15586 0.08032 0.72562 0.21513
v -0.04034 0.93399 0.15055 0.08032 0.72562 0.21513
v -0.07793 0.93399 0.13498 0.08032 0.72562 0.21513
v -0.11021 0.93399 0.11021 0.08032 0.72562 0.21513
v -0.13498 0.93399 0.07793 0.08032 0.72562 0.21513
v -0.15055 0.93399 0.04034 0.08032 0.72562 0.21513
v -0.15586 0.93399 0.00000 0.08032 0.72562 0.21513
v -0.15055 0.93399 -0.04034 0.08032 0.72562 0.21513
v -0.13498 0.93399 -0.07793 0.08032 0.72562 0.21513
v -0.11021 0.93399 -0.11021 0.08032 0.72562 0.21513
v -0.07793 0.93399 -0.13498 0.08032 0.72562 0.21513
v -0.04034 0.93399 -0.15055 0.08032 0.72562 0.21513
v -0.00000 0.93399 -0.15586 0.08032 0.72562 0.21513
v 0.04034 0.93399 -0.15055 0.08032 0.72562 0.21513
v 0.07793 0.93399 -0.13498 0.08032 0.72562 0.21513
v 0.11021 0.93399 -0.11021 0.08032 0.72562 0.21513
v 0.13498 0.93399 -0.07793 0.08032 0.72562 0.21513
v 0.15055 0.93399 -0.04034 0.08032 0.72562 0.21513
v 0.15586 0.93399 -0.00000 0.08032 0.72562 0.21513
v 0.22845 0.90215 0.00000 0.08032 0.72562 0.21513
v 0.22067 0.90215 0.05913 0.08032 0.72562 0.21513
v 0.19785 0.90215 0.11423 0.08032 0.72562 0.21513
v 0.16154 0.90215 0.16154 0.08032 0.72562 0.21513
v 0.11423 0.90215 0.19785 0.08032 0.72562 0.21513
v 0.05913 0.90215 0.22067 0.08032 0.72562 0.21513
v 0.00000 0.90215 0.22845 0.08032 0.72562 0.21513
v -0.05913 0.90215 0.22067 0.08032 0.72562 0.21513
v -0.11423 0.90215 0.19785 0.08032 0.72562 0.21513
v -0.16154 0.90215 0.16154 0.08032 0.72562 0.21513
v -0.19785 0.90215 0.11423 0.08032 0.72562 0.21513
v -0.22067 0.90215 0.05913 0.08032 0.72562 0.21513
v -0.22845 0.90215 0.00000 0.08032 0.72562 0.21513
v -0.22067 0.90215 -0.05913 0.08032 0.72562 0.21513
v -0.19785 0.90215 -0.11423 0.08032 0.72562 0.21513
v -0.16154 0.90215 -0.16154 0.08032 0.72562 0.21513
v -0.11423 0.90215 -0.19785 0.08032 0.72562 0.21513
v -0.05913 0.90215 -0.22067 0.08032 0.72562 0.21513
v -0.00000 0.90215 -0.22845 0.08032 0.72562 0.21513
v 0.05913 0.90215 -0.22067 0.08032 0.72562 0.21513
v 0.11423 0.90215 -0.19785 0.08032 0.72562 0.21513
v 0.16154 0.90215 -0.16154 0.08032 0.72562 0.21513
v 0.19785 0.90215 -0.11423 0.08032 0.72562 0.21513
v 0.22067 0.90215 -0.05913 0.08032 0.72562 0.21513
v 0.22845 0.90215 -0.00000 0.08032 0.72562 0.21513
v 0.29482 0.85879 0.00000 0.08032 0.72562 0.21513
v 0.28478 0.85879 0.07631 0.08032 0.72562 0.21513
v 0.25532 0.85879 0.14741 0.08032 0.72562 0.21513
v 0.20847 0.85879 0.20847 0.08032 0.72562 0.21513
v 0.14741 0.85879 0.25532 0.08032 0.72562 0.21513
v 0.07631 0.85879 0.28478 0.08032 0.72562 0.21513
v 0.00000 0.85879 0.29482 0.08032 0.72562 0.21513
v -0.07631 0.85879 0.28478 0.08032 0.72562 0.21513
v -0.14741 0.85879 0.25532 0.08032 0.72562 0.21513
v -0.20847 0.85879 0.20847 0.08032 0.72562 0.21513
v -0.25532 0.85879 0.14741 0.08032 0.72562 0.21513
v -0.28478 0.85879 0.07631 0.08032 0.72562 0.21513
v -0.29482 0.85879 0.00000 0.08032 0.72562 0.21513
v -0.28478 0.85879 -0.07631 0.08032 0.72562 0.21513
v -0.25532 0.85879 -0.14741 0.08032 0.72562 0.21513
v -0.20847 0.85879 -0.20847 0.08032 0.72562 0.21513
v -0.14741 0.85879 -0.25532 0.08032 0.72562 0.21513
v -0.07631 0.85879 -0.28478 0.08032 0.72562 0.21513
v -0.00000 0.85879 -0.29482 0.08032 0.72562 0.21513
v 0.07631 0.85879 -0.28478 0.08032 0.72562 0.21513
v 0.14741 0.85879 -0.25532 0.08032 0.72562 0.21513
v 0.20847 0.85879 -0.20847 0.08032 0.72562 0.21513
v 0.25532 0.85879 -0.14741 0.08032 0.72562 0.21513
v 0.28478 0.85879 -0.07631 0.08032 0.72562 0.21513
v 0.29482 0.85879 -0.00000 0.08032 0.72562 0.21513
v 0.35315 0.80510 0.00000 0.08032 0.72562 0.21513
v 0.34111 0.80510 0.09140 0.08032 0.72562 0.21513
v 0.30583 0.80510 0.17657 0.08032 0.72562 0.21513
v 0.24971 0.80510 0.24971 0.08032 0.72562 0.21513
v 0.17657 0.80510 0.30583 0.08032 0.72562 0.21513
v 0.09140 0.80510 0.34111 0.08032 0.72562 0.21513
v 0.00000 0.80510 0.35315 0.08032 0.72562 0.21513
v -0.09140 0.80510 0.34111 0.08032 0.72562 0.21513
v -0.17657 0.80510 0.30583 0.08032 0.72562 0.21513
v -0.24971 0.80510 0.24971 0.08032 0.72562 0.21513
v -0.30583 0.80510 0.17657 0.08032 0.72562 0.21513
v -0.34111 0.80510 0.09140 0.08032 0.72562 0.21513
v -0.35315 0.80510 0.00000 0.08032 0.72562 0.21513
v -0.34111 0.80510 -0.09140 0.08032 0.72562 0.21513
v -0.30583 0.80510 -0.17657 0.08032 0.72562 0.21513
v -0.24971 0.80510 -0.24971 0.08032 0.72562 0.21513
v -0.17657 0.80510 -0.30583 0.08032 0.72562 0.21513
v -0.09140 0.80510 -0.34111 0.08032 0.72562 0.21513
v -0.00000 0.80510 -0.35315 0.08032 0.72562 0.21513
v 0.09140 0.80510 -0.34111 0.08032 0.72562 0.21513
v 0.17657 0.80510 -0.30583 0.08032 0.72562 0.21513
v 0.24971 0.80510 -0.24971 0.08032 0.72562 0.21513
v 0.30583 0.80510 -0.17657 0.08032 0.72562 0.21513
v 0.34111 0.80510 -0.09140 0.08032 0.72562 0.21513
v 0.35315 0.80510 -0.00000 0.08032 0.72562 0.21513
v 0.40184 0.74254 0.00000 0.08032 0.72562 0.21513
v 0.38815 0.74254 0.10400 0.08032 0.72562 0.21513
v 0.34800 0.74254 0.20092 0.08032 0.72562 0.21513
v 0.28414 0.74254 0.28414 0.08032 0.72562 0.21513
v 0.20092 0.74254 0.34800 0.08032 0.72562 0.21513
v 0.10400 0.74254 0.38815 0.08032 0.72562 0.21513
v 0.00000 0.74254 0.40184 0.08032 0.72562 0.21513
v -0.10400 0.74254 0.38815 0.08032 0.72562 0.21513
v -0.20092 0.74254 0.34800 0.08032 0.72562 0.21513
v -0.28414 0.74254 0.28414 0.08032 0.72562 0.21513
v -0.34800 0.74254 0.20092 0.08032 0.72562 0.21513
v -0.38815 0.74254 0.10400 0.08032 0.72562 0.21513
v -0.40184 0.74254 0.00000 0.08032 0.72562 0.21513
v -0.38815 0.74254 -0.10400 0.08032 0.72562 0.21513
v -0.34800 0.74254 -0.20092 0.08032 0.72562 0.21513
v -0.28414 0.74254 -0.28414 0.08032 0.72562 0.21513
v -0.20092 0.74254 -0.34800 0.08032 0.72562 0.21513
v -0.10400 0.74254 -0.38815 0.08032 0.72562 0.21513
v -0.00000 0.74254 -0.40184 0.08032 0.72562 0.21513
v 0.10400 0.74254 -0.38815 0.08032 0.72562 0.21513
v 0.20092 0.74254 -0.34800 0.08032 0.72562 0.21513
v 0.28414 0.74254 -0.28414 0.08032 0.72562 0.21513
v 0.34800 0.74254 -0.20092 0.08032 0.72562 0.21513
v 0.38815 0.74254 -0.10400 0.08032 0.72562 0.21513
v 0.40184 0.74254 -0.00000 0.08032 0.72562 0.21513
v 0.43957 0.67281 0.00000 0.08032 0.72562 0.21513
v 0.42459 0.67281 0.11377 0.08032 0.72562 0.21513
v 0.38068 0.67281 0.21979 0.08032 0.72562 0.21513
v 0.31082 0.67281 0.31082 0.08032 0.72562 0.21513
v 0.21979 0.67281 0.38068 0.08032 0.72562 0.21513
v 0.11377 0.67281 0.42459 0.08032 0.72562 0.21513
v 0.00000 0.67281 0.43957 0.08032 0.72562 0.21513
v -0.11377 0.67281 0.42459 0.08032 0.72562 0.21513
v -0.21979 0.67281 0.38068 0.08032 0.72562 0.21513
v -0.31082 0.67281 0.31082 0.08032 0.72562 0.21513
v -0.38068 0.67281 0.21979 0.08032 0.72562 0.21513
v -0.42459 0.67281 0.11377 0.08032 0.72562 0.21513
v -0.43957 0.67281 0.00000 0.08032 0.72562 0.21513
v -0.42459 0.67281 -0.11377 0.08032 0.72562 0.21513
v -0.38068 0.67281 -0.21979 0.08032 0.72562 0.21513
v -0.31082 0.67281 -0.31082 0.08032 0.72562 0.21513
v -0.21979 0.67281 -0.38068 0.08032 0.72562 0.21513
v -0.11377 0.67281 -0.42459 0.08032 0.72562 0.21513
v -0.00000 0.67281 -0.43957 0.08032 0.72562 0.21513
v 0.11377 0.67281 -0.42459 0.08032 0.72562 0.21513
v 0.21979 0.67281 -0.38068 0.08032 0.72562 0.21513
v 0.31082 0.67281 -0.31082 0.08032 0.72562 0.21513
v 0.38068 0.67281 -0.21979 0.08032 0.72562 0.21513
v 0.42459 0.67281 -0.11377 0.08032 0.72562 0.21513
v 0.43957 0.67281 -0.00000 0.08032 0.72562 0.21513
v 0.46531 0.59783 0.00000 0.08032 0.72562 0.21513
v 0.44946 0.59783 0.12043 0.08032 0.72562 0.21513
v 0.40297 0.59783 0.23266 0.08032 0.72562 0.21513
v 0.32903 0.59783 0.32903 0.08032 0.72562 0.21513
v 0.23266 0.59783 0.40297 0.08032 0.72562 0.21513
v 0.12043 0.59783 0.44946 0.08032 0.72562 0.21513
v 0.00000 0.59783 0.46531 0.08032 0.72562 0.21513
v -0.12043 0.59783 0.44946 0.08032 0.72562 0.21513
v -0.23266 0.59783 0.40297 0.08032 0.72562 0.21513
v -0.32903 0.59783 0.32903 0.08032 0.72562 0.21513
v -0.40297 0.59783 0.23266 0.08032 0.72562 0.21513
v -0.44946 0.59783 0.12043 0.08032 0.72562 0.21513
v -0.46531 0.59783 0.00000 0.08032 0.72562 0.21513
v -0.44946 0.59783 -0.12043 0.08032 0.72562 0.21513
v -0.40297 0.59783 -0.23266 0.08032 0.72562 0.21513
v -0.32903 0.59783 -0.32903 0.08032 0.72562 0.21513
v -0.23266 0.59783 -0.40297 0.08032 0.72562 0.21513
v -0.12043 0.59783 -0.44946 0.08032 0.72562 0.21513
v -0.00000 0.59783 -0.46531 0.08032 0.72562 0.21513
v 0.12043 0.59783 -0.44946 0.08032 0.72562 0.21513
v 0.23266 0.59783 -0.40297 0.08032 0.72562 0.21513
v 0.32903 0.59783 -0.32903 0.08032 0.72562 0.21513
v 0.40297 0.59783 -0.23266 0.08032 0.72562 0.21513
v 0.44946 0.59783 -0.12043 0.08032 0.72562 0.21513
v 0.46531 0.59783 -0.00000 0.08032 0.72562 0.21513
v 0.47836 0.51964 0.00000 0.08032 0.72562 0.21513
v 0.46206 0.51964 0.12381 0.08032 0.72562 0.21513
v 0.41427 0.51964 0.23918 0.08032 0.72562 0.21513
v 0.33825 0.51964 0.33825 0.08032 0.72562 0.21513
v 0.23918 0.51964 0.41427 0.08032 0.72562 0.21513
v 0.12381 0.51964 0.46206 0.08032 0.72562 0.21513
v 0.00000 0.51964 0.47836 0.08032 0.72562 0.21513
v -0.12381 0.51964 0.46206 0.08032 0.72562 0.21513
v -0.23918 0.51964 0.41427 0.08032 0.72562 0.21513
v -0.33825 0.51964 0.33825 0.08032 0.72562 0.21513
v -0.41427 0.51964 0.23918 0.08032 0.72562 0.21513
v -0.46206 0.51964 0.12381 0.08032 0.72562 0.21513
v -0.47836 0.51964 0.00000 0.08032 0.72562 0.21513
v -0.46206 0.51964 -0.12381 0.08032 0.72562 0.21513
v -0.41427 0.51964 -0.23918 0.08032 0.72562 0.21513
v -0.33825 0.51964 -0.33825 0.08032 0.72562 0.21513
v -0.23918 0.51964 -0.41427 0.08032 0.72562 0.21513
v -0.12381 0.51964 -0.46206 0.08032 0.72562 0.21513
v -0.00000 0.51964 -0.47836 0.08032 0.72562 0.21513
v 0.12381 0.51964 -0.46206 0.08032 0.72562 0.21513
v 0.23918 0.51964 -0.41427 0.08032 0.72562 0.21513
v 0.33825 0.51964 -0.33825 0.08032 0.72562 0.21513
v 0.41427 0.51964 -0.23918 0.08032 0.72562 0.21513
v 0.46206 0.51964 -0.12381 0.08032 0.72562 0.21513
v 0.47836 0.51964 -0.00000 0.08032 0.72562 0.21513
v 0.47836 0.44036 0.00000 0.08032 0.72562 0.21513
v 0.46206 0.44036 0.12381 0.08032 0.72562 0.21513
v 0.41427 0.44036 0.23918 0.08032 0.72562 0.21513
v 0.33825 0.44036 0.33825 0.08032 0.72562 0.21513
v 0.23918 0.44036 0.41427 0.08032 0.72562 0.21513
v 0.12381 0.44036 0.46206 0.08032 0.72562 0.21513
v 0.00000 0.44036 0.47836 0.08032 0.72562 0.21513
v -0.12381 0.44036 0.46206 0.08032 0.72562 0.21513
v -0.23918 0.44036 0.41427 0.08032 0.72562 0.21513
v -0.33825 0.44036 0.33825 0.08032 0.72562 0.21513
v -0.41427 0.44036 0.23918 0.08032 0.72562 0.21513
v -0.46206 0.44036 0.12381 0.08032 0.72562 0.21513
v -0.47836 0.44036 0.00000 0.08032 0.72562 0.21513
v -0.46206 0.44036 -0.12381 0.08032 0.72562 0.21513
v -0.41427 0.44036 -0.23918 0.08032 0.72562 0.21513
v -0.33825 0.44036 -0.33825 0.08032 0.72562 0.21513
v -0.23918 0.44036 -0.41427 0.08032 0.72562 0.21513
v -0.12381 0.44036 -0.46206 0.08032 0.72562 0.21513
v -0.00000 0.44036 -0.47836 0.08032 0.72562 0.21513
v 0.12381 0.44036 -0.46206 0.08032 0.72562 0.21513
v 0.23918 0.44036 -0.41427 0.08032 0.72562 0.21513
v 0.33825 0.44036 -0.33825 0.08032 0.72562 0.21513
v 0.41427 0.44036 -0.23918 0.08032 0.72562 0.21513
v 0.46206 0.44036 -0.12381 0.08032 0.72562 0.21513
v 0.47836 0.44036 -0.00000 0.08032 0.72562 0.21513
v 0.46531 0.36217 0.00000 0.08032 0.72562 0.21513
v 0.44946 0.36217 0.12043 0.08032 0.72562 0.21513
v 0.40297 0.36217 0.23266 0.08032 0.72562 0.21513
v 0.32903 0.36217 0.32903 0.08032 0.72562 0.21513
v 0.23266 0.36217 0.40297 0.08032 0.72562 0.21513
v 0.12043 0.36217 0.44946 0.08032 0.72562 0.21513
v 0.00000 0.36217 0.46531 0.08032 0.72562 0.21513
v -0.12043 0.36217 0.44946 0.08032 0.72562 0.21513
v -0.23266 0.36217 0.40297 0.08032 0.72562 0.21513
v -0.32903 0.36217 0.32903 0.08032 0.72562 0.21513
v -0.40297 0.36217 0.23266 0.08032 0.72562 0.21513
v -0.44946 0.36217 0.12043 0.08032 0.72562 0.21513
v -0.46531 0.36217 0.00000 0.08032 0.72562 0.21513
v -0.44946 0.36217 -0.12043 0.08032 0.72562 0.21513
v -0.40297 0.36217 -0.23266 0.08032 0.72562 0.21513
v -0.32903 0.36217 -0.32903 0.08032 0.72562 0.21513
v -0.23266 0.36217 -0.40297 0.08032 0.72562 0.21513
v -0.12043 0.36217 -0.44946 0.08032 0.72562 0.21513
v -0.00000 0.36217 -0.46531 0.08032 0.72562 0.21513
v 0.12043 0.36217 -0.44946 0.08032 0.72562 0.21513
v 0.23266 0.36217 -0.40297 0.08032 0.72562 0.21513
v 0.32903 0.36217 -0.32903 0.08032 0.72562 0.21513
v 0.40297 0.36217 -0.23266 0.08032 0.72562 0.21513
v 0.44946 0.36217 -0.12043 0.08032 0.72562 0.21513
v 0.46531 0.36217 -0.00000 0.08032 0.72562 0.21513
v 0.43957 0.28719 0.00000 0.08032 0.72562 0.21513
v 0.42459 0.28719 0.11377 0.08032 0.72562 0.21513
v 0.38068 0.28719 0.21979 0.08032 0.72562 0.21513
v 0.31082 0.28719 0.31082 0.08032 0.72562 0.21513
v 0.21979 0.28719 0.38068 0.08032 0.72562 0.21513
v 0.11377 0.28719 0.42459 0.08032 0.72562 0.21513
v 0.00000 0.28719 0.43957 0.08032 0.72562 0.21513
v -0.11377 0.28719 0.42459 0.08032 0.72562 0.21513
v -0.21979 0.28719 0.38068 0.08032 0.72562 0.21513
v -0.31082 0.28719 0.31082 0.08032 0.72562 0.21513
v -0.38068 0.28719 0.21979 0.08032 0.72562 0.21513
v -0.42459 0.28719 0.11377 0.08032 0.72562 0.21513
v -0.43957 0.28719 0.00000 0.08032 0.72562 0.21513
v -0.42459 0.28719 -0.11377 0.08032 0.72562 0.21513
v -0.38068 0.28719 -0.21979 0.08032 0.72562 0.21513
v -0.31082 0.28719 -0.31082 0.08032 0.72562 0.21513
v -0.21979 0.28719 -0.38068 0.08032 0.72562 0.21513
v -0.11377 0.28719 -0.42459 0.08032 0.72562 0.21513
v -0.00000 0.28719 -0.43957 0.08032 0.72562 0.21513
v 0.11377 0.28719 -0.42459 0.08032 0.72562 0.21513
v 0.21979 0.28719 -0.38068 0.08032 0.72562 0.21513
v 0.31082 0.28719 -0.31082 0.08032 0.72562 0.21513
v 0.38068 0.28719 -0.21979 0.08032 0.72562 0.21513
v 0.42459 0.28719 -0.11377 0.08032 0.72562 0.21513
v 0.43957 0.28719 -0.00000 0.08032 0.72562 0.21513
v 0.40184 0.21746 0.00000 0.08032 0.72562 0.21513
v 0.38815 0.21746 0.10400 0.08032 0.72562 0.21513
v 0.34800 0.21746 0.20092 0.08032 0.72562 0.21513
v 0.28414 0.21746 0.28414 0.08032 0.72562 0.21513
v 0.20092 0.21746 0.34800 0.08032 0.72562 0.21513
v 0.10400 0.21746 0.38815 0.08032 0.72562 0.21513
v 0.00000 0.21746 0.40184 0.08032 0.72562 0.21513
v -0.10400 0.21746 0.38815 0.08032 0.72562 0.21513
v -0.20092 0.21746 0.34800 0.08032 0.72562 0.21513
v -0.28414 0.21746 0.28414 0.08032 0.72562 0.21513
v -0.34800 0.21746 0.20092 0.08032 0.72562 0.21513
v -0.38815 0.21746 0.10400 0.08032 0.72562 0.21513
v -0.40184 0.21746 0.00000 0.08032 0.72562 0.21513
v -0.38815 0.21746 -0.10400 0.08032 0.72562 0.21513
v -0.34800 0.21746 -0.20092 0.08032 0.72562 0.21513
v -0.28414 0.21746 -0.28414 0.08032 0.72562 0.21513
v -0.20092 0.21746 -0.34800 0.08032 0.72562 0.21513
v -0.10400 0.21746 -0.38815 0.08032 0.72562 0.21513
v -0.00000 0.21746 -0.40184 0.08032 0.72562 0.21513
v 0.10400 0.21746 -0.38815 0.08032 0.72562 0.21513
v 0.20092 0.21746 -0.34800 0.08032 0.72562 0.21513
v 0.28414 0.21746 -0.28414 0.08032 0.72562 0.21513
v 0.34800 0.21746 -0.20092 0.08032 0.72562 0.21513
v 0.38815 0.21746 -0.10400 0.08032 0.72562 0.21513
v 0.40184 0.21746 -0.00000 0.08032 0.72562 0.21513
v 0.35315 0.15490 0.00000 0.08032 0.72562 0.21513
v 0.34111 0.15490 0.09140 0.08032 0.72562 0.21513
v 0.30583 0.15490 0.17657 0.08032 0.72562 0.21513
v 0.24971 0.15490 0.24971 0.08032 0.72562 0.21513
v 0.17657 0.15490 0.30583 0.08032 0.72562 0.21513
v 0.09140 0.15490 0.34111 0.08032 0.72562 0.21513
v 0.00000 0.15490 0.35315 0.08032 0.72562 0.21513
v -0.09140 0.15490 0.34111 0.08032 0.72562 0.21513
v -0.17657 0.15490 0.30583 0.08032 0.72562 0.21513
v -0.24971 0.15490 0.24971 0.08032 0.72562 0.21513
v -0.30583 0.15490 0.17657 0.08032 0.72562 0.21513
v -0.34111 0.15490 0.09140 0.08032 0.72562 0.21513
v -0.35315 0.15490 0.00000 0.08032 0.72562 0.21513
v -0.34111 0.15490 -0.09140 0.08032 0.72562 0.21513
v -0.30583 0.15490 -0.17657 0.08032 0.72562 0.21513
v -0.24971 0.15490 -0.24971 0.08032 0.72562 0.21513
v -0.17657 0.15490 -0.30583 0.08032 0.72562 0.21513
v -0.09140 0.15490 -0.34111 0.08032 0.72562 0.21513
v -0.00000 0.15490 -0.35315 0.08032 0.72562 0.21513
v 0.09140 0.15490 -0.34111 0.08032 0.72562 0.21513
v 0.17657 0.15490 -0.30583 0.08032 0.72562 0.21513
v 0.24971 0.15490 -0.24971 0.08032 0.72562 0.21513
v 0.30583 0.15490 -0.17657 0.08032 0.72562 0.21513
v 0.34111 0.15490 -0.09140 0.08032 0.72562 0.21513
v 0.35315 0.15490 -0.00000 0.08032 0.72562 0.21513
v 0.29482 0.10121 0.00000 0.08032 0.72562 0.21513
v 0.28478 0.10121 0.07631 0.08032 0.72562 0.21513
v 0.25532 0.10121 0.14741 0.08032 0.72562 0.21513
v 0.20847 0.10121 0.20847 0.08032 0.72562 0.21513
v 0.14741 0.10121 0.25532 0.08032 0.72562 0.21513
v 0.07631 0.10121 0.28478 0.08032 0.72562 0.21513
v 0.00000 0.10121 0.29482 0.08032 0.72562 0.21513
v -0.07631 0.10121 0.28478 0.08032 0.72562 0.21513
v -0.14741 0.10121 0.25532 0.08032 0.72562 0.21513
v -0.20847 0.10121 0.20847 0.08032 0.72562 0.21513
v -0.25532 0.10121 0.14741 0.08032 0.72562 0.21513
v -0.28478 0.10121 0.07631 0.08032 0.72562 0.21513
v -0.29482 0.10121 0.00000 0.08032 0.72562 0.21513
v -0.28478 0.10121 -0.07631 0.08032 0.72562 0.21513
v -0.25532 0.10121 -0.14741 0.08032 0.72562 0.21513
v -0.20847 0.10121 -0.20847 0.08032 0.72562 0.21513
v -0.14741 0.10121 -0.25532 0.08032 0.72562 0.21513
v -0.07631 0.10121 -0.28478 0.08032 0.72562 0.21513
v -0.00000 0.10121 -0.29482 0.08032 0.72562 0.21513
v 0.07631 0.10121 -0.28478 0.08032 0.72562 0.21513
v 0.14741 0.10121 -0.25532 0.08032 0.72562 0.21513
v 0.20847 0.10121 -0.20847 0.08032 0.72562 0.21513
v 0.25532 0.10121 -0.14741 0.08032 0.72562 0.21513
v 0.28478 0.10121 -0.07631 0.08032 0.72562 0.21513
v 0.29482 0.10121 -0.00000 0.08032 0.72562 0.21513
v 0.22845 0.05785 0.00000 0.08032 0.72562 0.21513
v 0.22067 0.05785 0.05913 0.08032 0.72562 0.21513
v 0.19785 0.05785 0.11423 0.08032 0.72562 0.21513
v 0.16154 0.05785 0.16154 0.08032 0.72562 0.21513
v 0.11423 0.05785 0.19785 0.08032 0.72562 0.21513
v 0.05913 0.05785 0.22067 0.08032 0.72562 0.21513
v 0.00000 0.05785 0.22845 0.08032 0.72562 0.21513
v -0.05913 0.05785 0.22067 0.08032 0.72562 0.21513
v -0.11423 0.05785 0.19785 0.08032 0.72562 0.21513
v -0.16154 0.05785 0.16154 0.08032 0.72562 0.21513
v -0.19785 0.05785 0.11423 0.08032 0.72562 0.21513
v -0.22067 0.05785 0.05913 0.08032 0.72562 0.21513
v -0.22845 0.05785 0.00000 0.08032 0.72562 0.21513
v -0.22067 0.05785 -0.05913 0.08032 0.72562 0.21513
v -0.19785 0.05785 -0.11423 0.08032 0.72562 0.21513
v -0.16154 0.05785 -0.16154 0.08032 0.72562 0.21513
v -0.11423 0.05785 -0.19785 0.08032 0.72562 0.21513
v -0.05913 0.05785 -0.22067 0.08032 0.72562 0.21513
v -0.00000 0.05785 -0.22845 0.08032 0.72562 0.21513
v 0.05913 0.05785 -0.22067 0.08032 0.72562 0.21513
v 0.11423 0.05785 -0.19785 0.08032 0.72562 0.21513
v 0.16154 0.05785 -0.16154 0.08032 0.72562 0.21513
v 0.19785 0.05785 -0.11423 0.08032 0.72562 0.21513
v 0.22067 0.05785 -0.05913 0.08032 0.72562 0.21513
v 0.22845 0.05785 -0.00000 0.08032 0.72562 0.21513
v 0.15586 0.02601 0.00000 0.08032 0.72562 0.21513
v 0.15055 0.02601 0.04034 0.08032 0.72562 0.21513
v 0.13498 0.02601 0.07793 0.08032 0.72562 0.21513
v 0.11021 0.02601 0.11021 0.08032 0.72562 0.21513
v 0.07793 0.02601 0.13498 0.08032 0.72562 0.21513
v 0.04034 0.02601 0.15055 0.08032 0.72562 0.21513
v 0.00000 0.02601 0.15586 0.08032 0.72562 0.21513
v -0.04034 0.02601 0.15055 0.08032 0.72562 0.21513
v -0.07793 0.02601 0.13498 0.08032 0.72562 0.21513
v -0.11021 0.02601 0.11021 0.08032 0.72562 0.21513
v -0.13498 0.02601 0.07793 0.08032 0.72562 0.21513
v -0.15055 0.02601 0.04034 0.08032 0.72562 0.21513
v -0.15586 0.02601 0.00000 0.08032 0.72562 0.21513
v -0.15055 0.02601 -0.04034 0.08032 0.72562 0.21513
v -0.13498 0.02601 -0.07793 0.08032 0.72562 0.21513
v -0.11021 0.02601 -0.11021 0.08032 0.72562 0.21513
v -0.07793 0.02601 -0.13498 0.08032 0.72562 0.21513
v -0.04034 0.02601 -0.15055 0.08032 0.72562 0.21513
v -0.00000 0.02601 -0.15586 0.08032 0.72562 0.21513
v 0.04034 0.02601 -0.15055 0.08032 0.72562 0.21513
v 0.07793 0.02601 -0.13498 0.08032 0.72562 0.21513
v 0.11021 0.02601 -0.11021 0.08032 0.72562 0.21513
v 0.13498 0.02601 -0.07793 0.08032 0.72562 0.21513
v 0.15055 0.02601 -0.04034 0.08032 0.72562 0.21513
v 0.15586 0.02601 -0.00000 0.08032 0.72562 0.21513
v 0.07901 0.00655 0.00000 0.08032 0.72562 0.21513
v 0.07631 0.00655 0.02045 0.08032 0.72562 0.21513
v 0.06842 0.00655 0.03950 0.08032 0.72562 0.21513
v 0.05587 0.00655 0.05587 0.08032 0.72562 0.21513
v 0.03950 0.00655 0.06842 0.08032 0.72562 0.21513
v 0.02045 0.00655 0.07631 0.08032 0.72562 0.21513
v 0.00000 0.00655 0.07901 0.08032 0.72562 0.21513
v -0.02045 0.00655 0.07631 0.08032 0.72562 0.21513
v -0.03950 0.00655 0.06842 0.08032 0.72562 0.21513
v -0.05587 0.00655 0.05587 0.08032 0.72562 0.21513
v -0.06842 0.00655 0.03950 0.08032 0.72562 0.21513
v -0.07631 0.00655 0.02045 0.08032 0.72562 0.21513
v -0.07901 0.00655 0.00000 0.08032 0.72562 0.21513
v -0.07631 0.00655 -0.02045 0.08032 0.72562 0.21513
v -0.06842 0.00655 -0.03950 0.08032 0.72562 0.21513
v -0.05587 0.00655 -0.05587 0.08032 0.72562 0.21513
v -0.03950 0.00655 -0.06842 0.08032 0.72562 0.21513
v -0.02045 0.00655 -0.07631 0.08032 0.72562 0.21513
v -0.00000 0.00655 -0.07901 0.08032 0.72562 0.21513
v 0.02045 0.00655 -0.07631 0.08032 0.72562 0.21513
v 0.03950 0.00655 -0.06842 0.08032 0.72562 0.21513
v 0.05587 0.00655 -0.05587 0.08032 0.72562 0.21513
v 0.06842 0.00655 -0.03950 0.08032 0.72562 0.21513
v 0.07631 0.00655 -0.02045 0.08032 0.72562 0.21513
v 0.07901 0.00655 -0.00000 0.08032 0.72562 0.21513
v 0.00000 0.00000 0.00000 0.08032 0.72562 0.21513
v 0.00000 0.00000 0.00000 0.08032 0.72562 0.21513
v 0.00000 0.00000 0.00000 0.08032 0.72562 0.21513
v 0.00000 0.00000 0.00000 0.08032 0.72562 0.21513
v 0.00000 0.00000 0.00000 0.08032 0.72562 0.21513
v 0.00000 0.00000 0.00000 0.08032 0.72562 0.21513
v 0.00000 0.00000 0.00000 0.08032 0.72562 0.21513
v 0.00000 0.00000 0.00000 0.08032 0.72562 0.21513
v 0.00000 0.00000 0.00000 0.08032 0.72562 0.21513
v 0.00000 0.00000 0.00000 0.08032 0.72562 0.21513
v 0.00000 0.00000 0.00000 0.08032 0.72562 0.21513
v 0.00000 0.00000 0.00000 0.08032 0.72562 0.21513
v 0.00000 0.00000 0.00000 0.08032 0.72562 0.21513
v 0.00000 0.00000 0.00000 0.08032 0.72562 0.21513
v 0.00000 0.00000 0.00000 0.08032 0.72562 0.21513
v 0.00000 0.00000 0.00000 0.08032 0.72562 0.21513
v 0.00000 0.00000 0.00000 0.08032 0.72562 0.21513
v 0.00000 0.00000 0.00000 0.08032 0.72562 0.21513
v 0.00000 0.00000 0.00000 0.08032 0.72562 0.21513
v 0.00000 0.00000 0.00000 0.08032 0.72562 0.21513
v 0.00000 0.00000 0.00000 0.08032 0.72562 0.21513
v 0.00000 0.00000 0.00000 0.08032 0.72562 0.21513
v 0.00000 0.00000 0.00000 0.08032 0.72562 0.21513
v 0.00000 0.00000 0.00000 0.08032 0.72562 0.21513
v 0.00000 0.00000 0.00000 0.08032 0.72562 0.21513
v 0.00000 1.10000 0.00000 0.08032 0.72562 0.21513
v 0.00000 1.10000 0.00000 0.08032 0.72562 0.21513
v 0.00000 1.10000 0.00000 0.08032 0.72562 0.21513
v 0.00000 1.10000 0.00000 0.08032 0.72562 0.21513
v 0.00000 1.10000 0.00000 0.08032 0.72562 0.21513
v 0.00000 1.10000 0.00000 0.08032 0.72562 0.21513
v 0.00000 1.10000 0.00000 0.08032 0.72562 0.21513
v 0.00000 1.10000 0.00000 0.08032 0.72562 0.21513
v 0.00000 1.10000 0.00000 0.08032 0.72562 0.21513
v 0.00000 1.10000 0.00000 0.08032 0.72562 0.21513
v 0.00000 1.10000 0.00000 0.08032 0.72562 0.21513
v 0.00000 1.10000 0.00000 0.08032 0.72562 0.21513
v 0.00000 1.10000 0.00000 0.08032 0.72562 0.21513
v 0.00000 1.10000 0.00000 0.08032 0.72562 0.21513
v 0.00000 1.10000 0.00000 0.08032 0.72562 0.21513
v 0.00000 1.10000 0.00000 0.08032 0.72562 0.21513
v 0.00000 1.10000 0.00000 0.08032 0.72562 0.21513
v 0.00000 1.10000 0.00000 0.08032 0.72562 0.21513
v 0.07121 1.09198 0.00000 0.08032 0.72562 0.21513
v 0.06640 1.09198 0.02572 0.08032 0.72562 0.21513
v 0.05262 1.09198 0.04797 0.08032 0.72562 0.21513
v 0.03174 1.09198 0.06374 0.08032 0.72562 0.21513
v 0.00657 1.09198 0.07090 0.08032 0.72562 0.21513
v -0.01949 1.09198 0.06849 0.08032 0.72562 0.21513
v -0.04291 1.09198 0.05682 0.08032 0.72562 0.21513
v -0.06054 1.09198 0.03749 0.08032 0.72562 0.21513
v -0.06999 1.09198 0.01308 0.08032 0.72562 0.21513
v -0.06999 1.09198 -0.01308 0.08032 0.72562 0.21513
v -0.06054 1.09198 -0.03749 0.08032 0.72562 0.21513
v -0.04291 1.09198 -0.05682 0.08032 0.72562 0.21513
v -0.01949 1.09198 -0.06849 0.08032 0.72562 0.21513
v 0.00657 1.09198 -0.07090 0.08032 0.72562 0.21513
v 0.03174 1.09198 -0.06374 0.08032 0.72562 0.21513
v 0.05262 1.09198 -0.04797 0.08032 0.72562 0.21513
v 0.06640 1.09198 -0.02572 0.08032 0.72562 0.21513
v 0.07121 1.09198 -0.00000 0.08032 0.72562 0.21513
v 0.13884 1.06831 0.00000 0.08032 0.72562 0.21513
v 0.12947 1.06831 0.05016 0.08032 0.72562 0.21513
v 0.10261 1.06831 0.09354 0.08032 0.72562 0.21513
v 0.06189 1.06831 0.12429 0.08032 0.72562 0.21513
v 0.01281 1.06831 0.13825 0.08032 0.72562 0.21513
v -0.03800 1.06831 0.13354 0.08032 0.72562 0.21513
v -0.08367 1.06831 0.11080 0.08032 0.72562 0.21513
v -0.11805 1.06831 0.07309 0.08032 0.72562 0.21513
v -0.13648 1.06831 0.02551 0.08032 0.72562 0.21513
v -0.13648 1.06831 -0.02551 0.08032 0.72562 0.21513
v -0.11805 1.06831 -0.07309 0.08032 0.72562 0.21513
v -0.08367 1.06831 -0.11080 0.08032 0.72562 0.21513
v -0.03800 1.06831 -0.13354 0.08032 0.72562 0.21513
v 0.01281 1.06831 -0.13825 0.08032 0.72562 0.21513
v 0.06189 1.06831 -0.12429 0.08032 0.72562 0.21513
v 0.10261 1.06831 -0.09354 0.08032 0.72562 0.21513
v 0.12947 1.06831 -0.05016 0.08032 0.72562 0.21513
v 0.13884 1.06831 -0.00000 0.08032 0.72562 0.21513
v 0.19952 1.03019 0.00000 0.08032 0.72562 0.21513
v 0.18604 1.03019 0.07207 0.08032 0.72562 0.21513
v 0.14744 1.03019 0.13441 0.08032 0.72562 0.21513
v 0.08893 1.03019 0.17860 0.08032 0.72562 0.21513
v 0.01841 1.03019 0.19867 0.08032 0.72562 0.21513
v -0.05460 1.03019 0.19190 0.08032 0.72562 0.21513
v -0.12024 1.03019 0.15922 0.08032 0.72562 0.21513
v -0.16963 1.03019 0.10503 0.08032 0.72562 0.21513
v -0.19612 1.03019 0.03666 0.08032 0.72562 0.21513
v -0.19612 1.03019 -0.03666 0.08032 0.72562 0.21513
v -0.16963 1.03019 -0.10503 0.08032 0.72562 0.21513
v -0.12024 1.03019 -0.15922 0.08032 0.72562 0.21513
v -0.05460 1.03019 -0.19190 0.08032 0.72562 0.21513
v 0.01841 1.03019 -0.19867 0.08032 0.72562 0.21513
v 0.08893 1.03019 -0.17860 0.08032 0.72562 0.21513
v 0.14744 1.03019 -0.13441 0.08032 0.72562 0.21513
v 0.18604 1.03019 -0.07207 0.08032 0.72562 0.21513
v 0.19952 1.03019 -0.00000 0.08032 0.72562 0.21513
v 0.25019 0.97952 0.00000 0.08032 0.72562 0.21513
v 0.23329 0.97952 0.09038 0.08032 0.72562 0.21513
v 0.18489 0.97952 0.16855 0.08032 0.72562 0.21513
v 0.11152 0.97952 0.22396 0.08032 0.72562 0.21513
v 0.02308 0.97952 0.24912 0.08032 0.72562 0.21513
v -0.06847 0.97952 0.24064 0.08032 0.72562 0.21513
v -0.15077 0.97952 0.19965 0.08032 0.72562 0.21513
v -0.21271 0.97952 0.13171 0.08032 0.72562 0.21513
v -0.24593 0.97952 0.04597 0.08032 0.72562 0.21513
v -0.24593 0.97952 -0.04597 0.08032 0.72562 0.21513
v -0.21271 0.97952 -0.13171 0.08032 0.72562 0.21513
v -0.15077 0.97952 -0.19965 0.08032 0.72562 0.21513
v -0.06847 0.97952 -0.24064 0.08032 0.72562 0.21513
v 0.02308 0.97952 -0.24912 0.08032 0.72562 0.21513
v 0.11152 0.97952 -0.22396 0.08032 0.72562 0.21513
v 0.18489 0.97952 -0.16855 0.08032 0.72562 0.21513
v 0.23329 0.97952 -0.09038 0.08032 0.72562 0.21513
v 0.25019 0.97952 -0.00000 0.08032 0.72562 0.21513
v 0.28831 0.91884 0.00000 0.08032 0.72562 0.21513
v 0.26884 0.91884 0.10415 0.08032 0.72562 0.21513
v 0.21306 0.91884 0.19423 0.08032 0.72562 0.21513
v 0.12851 0.91884 0.25808 0.08032 0.72562 0.21513
v 0.02660 0.91884 0.28708 0.08032 0.72562 0.21513
v -0.07890 0.91884 0.27730 0.08032 0.72562 0.21513
v -0.17375 0.91884 0.23008 0.08032 0.72562 0.21513
v -0.24513 0.91884 0.15178 0.08032 0.72562 0.21513
v -0.28340 0.91884 0.05298 0.08032 0.72562 0.21513
v -0.28340 0.91884 -0.05298 0.08032 0.72562 0.21513
v -0.24513 0.91884 -0.15178 0.08032 0.72562 0.21513
v -0.17375 0.91884 -0.23008 0.08032 0.72562 0.21513
v -0.07890 0.91884 -0.27730 0.08032 0.72562 0.21513
v 0.02660 0.91884 -0.28708 0.08032 0.72562 0.21513
v 0.12851 0.91884 -0.25808 0.08032 0.72562 0.21513
v 0.21306 0.91884 -0.19423 0.08032 0.72562 0.21513
v 0.26884 0.91884 -0.10415 0.08032 0.72562 0.21513
v 0.28831 0.91884 -0.00000 0.08032 0.72562 0.21513
v 0.31198 0.85121 0.00000 0.08032 0.72562 0.21513
v 0.29091 0.85121 0.11270 0.08032 0.72562 0.21513
v 0.23055 0.85121 0.21018 0.08032 0.72562 0.21513
v 0.13906 0.85121 0.27927 0.08032 0.72562 0.21513
v 0.02879 0.85121 0.31065 0.08032 0.72562 0.21513
v -0.08538 0.85121 0.30007 0.08032 0.72562 0.21513
v -0.18801 0.85121 0.24896 0.08032 0.72562 0.21513
v -0.26525 0.85121 0.16423 0.08032 0.72562 0.21513
v -0.30666 0.85121 0.05733 0.08032 0.72562 0.21513
v -0.30666 0.85121 -0.05733 0.08032 0.72562 0.21513
v -0.26525 0.85121 -0.16423 0.08032 0.72562 0.21513
v -0.18801 0.85121 -0.24896 0.08032 0.72562 0.21513
v -0.08538 0.85121 -0.30007 0.08032 0.72562 0.21513
v 0.02879 0.85121 -0.31065 0.08032 0.72562 0.21513
v 0.13906 0.85121 -0.27927 0.08032 0.72562 0.21513
v 0.23055 0.85121 -0.21018 0.08032 0.72562 0.21513
v 0.29091 0.85121 -0.11270 0.08032 0.72562 0.21513
v 0.31198 0.85121 -0.00000 0.08032 0.72562 0.21513
v 0.32000 0.78000 0.00000 0.08032 0.72562 0.21513
v 0.29839 0.78000 0.11560 0.08032 0.72562 0.21513
v 0.23648 0.78000 0.21558 0.08032 0.72562 0.21513
v 0.14264 0.78000 0.28645 0.08032 0.72562 0.21513
v 0.02953 0.78000 0.31863 0.08032 0.72562 0.21513
v -0.08757 0.78000 0.30778 0.08032 0.72562 0.21513
v -0.19284 0.78000 0.25537 0.08032 0.72562 0.21513
v -0.27207 0.78000 0.16846 0.08032 0.72562 0.21513
v -0.31455 0.78000 0.05880 0.08032 0.72562 0.21513
v -0.31455 0.78000 -0.05880 0.08032 0.72562 0.21513
v -0.27207 0.78000 -0.16846 0.08032 0.72562 0.21513
v -0.19284 0.78000 -0.25537 0.08032 0.72562 0.21513
v -0.08757 0.78000 -0.30778 0.08032 0.72562 0.21513
v 0.02953 0.78000 -0.31863 0.08032 0.72562 0.21513
v 0.14264 0.78000 -0.28645 0.08032 0.72562 0.21513
v 0.23648 0.78000 -0.21558 0.08032 0.72562 0.21513
v 0.29839 0.78000 -0.11560 0.08032 0.72562 0.21513
v 0.32000 0.78000 -0.00000 0.08032 0.72562 0.21513
v 0.31198 0.70879 0.00000 0.08032 0.72562 0.21513
v 0.29091 0.70879 0.11270 0.08032 0.72562 0.21513
v 0.23055 0.70879 0.21018 0.08032 0.72562 0.21513
v 0.13906 0.70879 0.27927 0.08032 0.72562 0.21513
v 0.02879 0.70879 0.31065 0.08032 0.72562 0.21513
v -0.08538 0.70879 0.30007 0.08032 0.72562 0.21513
v -0.18801 0.70879 0.24896 0.08032 0.72562 0.21513
v -0.26525 0.70879 0.16423 0.08032 0.72562 0.21513
v -0.30666 0.70879 0.05733 0.08032 0.72562 0.21513
v -0.30666 0.70879 -0.05733 0.08032 0.72562 0.21513
v -0.26525 0.70879 -0.16423 0.08032 0.72562 0.21513
v -0.18801 0.70879 -0.24896 0.08032 0.72562 0.21513
v -0.08538 0.70879 -0.30007 0.08032 0.72562 0.21513
v 0.02879 0.70879 -0.31065 0.08032 0.72562 0.21513
v 0.13906 0.70879 -0.27927 0.08032 0.72562 0.21513
v 0.23055 0.70879 -0.21018 0.08032 0.72562 0.21513
v 0.29091 0.70879 -0.11270 0.08032 0.72562 0.21513
v 0.31198 0.70879 -0.00000 0.08032 0.72562 0.21513
v 0.28831 0.64116 0.00000 0.08032 0.72562 0.21513
v 0.26884 0.64116 0.10415 0.08032 0.72562 0.21513
v 0.21306 0.64116 0.19423 0.08032 0.72562 0.21513
v 0.12851 0.64116 0.25808 0.08032 0.72562 0.21513
v 0.02660 0.64116 0.28708 0.08032 0.72562 0.21513
v -0.07890 0.64116 0.27730 0.08032 0.72562 0.21513
v -0.17375 0.64116 0.23008 0.08032 0.72562 0.21513
v -0.24513 0.64116 0.15178 0.08032 0.72562 0.21513
v -0.28340 0.64116 0.05298 0.08032 0.72562 0.21513
v -0.28340 0.64116 -0.05298 0.08032 0.72562 0.21513
v -0.24513 0.64116 -0.15178 0.08032 0.72562 0.21513
v -0.17375 0.64116 -0.23008 0.08032 0.72562 0.21513
v -0.07890 0.64116 -0.27730 0.08032 0.72562 0.21513
v 0.02660 0.64116 -0.28708 0.08032 0.72562 0.21513
v 0.12851 0.64116 -0.25808 0.08032 0.72562 0.21513
v 0.21306 0.64116 -0.19423 0.08032 0.72562 0.21513
v 0.26884 0.64116 -0.10415 0.08032 0.72562 0.21513
v 0.28831 0.64116 -0.00000 0.08032 0.72562 0.21513
v 0.25019 0.58048 0.00000 0.08032 0.72562 0.21513
v 0.23329 0.58048 0.09038 0.08032 0.72562 0.21513
v 0.18489 0.58048 0.16855 0.08032 0.72562 0.21513
v 0.11152 0.58048 0.22396 0.08032 0.72562 0.21513
v 0.02308 0.58048 0.24912 0.08032 0.72562 0.21513
v -0.06847 0.58048 0.24064 0.08032 0.72562 0.21513
v -0.15077 0.58048 0.19965 0.08032 0.72562 0.21513
v -0.21271 0.58048 0.13171 0.08032 0.72562 0.21513
v -0.24593 0.58048 0.04597 0.08032 0.72562 0.21513
v -0.24593 0.58048 -0.04597 0.08032 0.72562 0.21513
v -0.21271 0.58048 -0.13171 0.08032 0.72562 0.21513
v -0.15077 0.58048 -0.19965 0.08032 0.72562 0.21513
v -0.06847 0.58048 -0.24064 0.08032 0.72562 0.21513
v 0.02308 0.58048 -0.24912 0.08032 0.72562 0.21513
v 0.11152 0.58048 -0.22396 0.08032 0.72562 0.21513
v 0.18489 0.58048 -0.16855 0.08032 0.72562 0.21513
v 0.23329 0.58048 -0.09038 0.08032 0.72562 0.21513
v 0.25019 0.58048 -0.00000 0.08032 0.72562 0.21513
v 0.19952 0.52981 0.00000 0.08032 0.72562 0.21513
v 0.18604 0.52981 0.07207 0.08032 0.72562 0.21513
v 0.14744 0.52981 0.13441 0.08032 0.72562 0.21513
v 0.08893 0.52981 0.17860 0.08032 0.72562 0.21513
v 0.01841 0.52981 0.19867 0.08032 0.72562 0.21513
v -0.05460 0.52981 0.19190 0.08032 0.72562 0.21513
v -0.12024 0.52981 0.15922 0.08032 0.72562 0.21513
v -0.16963 0.52981 0.10503 0.08032 0.72562 0.21513
v -0.19612 0.52981 0.03666 0.08032 0.72562 0.21513
v -0.19612 0.52981 -0.03666 0.08032 0.72562 0.21513
v -0.16963 0.52981 -0.10503 0.08032 0.72562 0.21513
v -0.12024 0.52981 -0.15922 0.08032 0.72562 0.21513
v -0.05460 0.52981 -0.19190 0.08032 0.72562 0.21513
v 0.01841 0.52981 -0.19867 0.08032 0.72562 0.21513
v 0.08893 0.52981 -0.17860 0.08032 0.72562 0.21513
v 0.14744 0.52981 -0.13441 0.08032 0.72562 0.21513
v 0.18604 0.52981 -0.07207 0.08032 0.72562 0.21513
v 0.19952 0.52981 -0.00000 0.08032 0.72562 0.21513
v 0.13884 0.49169 0.00000 0.08032 0.72562 0.21513
v 0.12947 0.49169 0.05016 0.08032 0.72562 0.21513
v 0.10261 0.49169 0.09354 0.08032 0.72562 0.21513
v 0.06189 0.49169 0.12429 0.08032 0.72562 0.21513
v 0.01281 0.49169 0.13825 0.08032 0.72562 0.21513
v -0.03800 0.49169 0.13354 0.08032 0.72562 0.21513
v -0.08367 0.49169 0.11080 0.08032 0.72562 0.21513
v -0.11805 0.49169 0.07309 0.08032 0.72562 0.21513
v -0.13648 0.49169 0.02551 0.08032 0.72562 0.21513
v -0.13648 0.49169 -0.02551 0.08032 0.72562 0.21513
v -0.11805 0.49169 -0.07309 0.08032 0.72562 0.21513
v -0.08367 0.49169 -0.11080 0.08032 0.72562 0.21513
v -0.03800 0.49169 -0.13354 0.08032 0.72562 0.21513
v 0.01281 0.49169 -0.13825 0.08032 0.72562 0.21513
v 0.06189 0.49169 -0.12429 0.08032 0.72562 0.21513
v 0.10261 0.49169 -0.09354 0.08032 0.72562 0.21513
v 0.12947 0.49169 -0.05016 0.08032 0.72562 0.21513
v 0.13884 0.49169 -0.00000 0.08032 0.72562 0.21513
v 0.07121 0.46802 0.00000 0.08032 0.72562 0.21513
v 0.06640 0.46802 0.02572 0.08032 0.72562 0.21513
v 0.05262 0.46802 0.04797 0.08032 0.72562 0.21513
v 0.03174 0.46802 0.06374 0.08032 0.72562 0.21513
v 0.00657 0.46802 0.07090 0.08032 0.72562 0.21513
v -0.01949 0.46802 0.06849 0.08032 0.72562 0.21513
v -0.04291 0.46802 0.05682 0.08032 0.72562 0.21513
v -0.06054 0.46802 0.03749 0.08032 0.72562 0.21513
v -0.06999 0.46802 0.01308 0.08032 0.72562 0.21513
v -0.06999 0.46802 -0.01308 0.08032 0.72562 0.21513
v -0.06054 0.46802 -0.03749 0.08032 0.72562 0.21513
v -0.04291 0.46802 -0.05682 0.08032 0.72562 0.21513
v -0.01949 0.46802 -0.06849 0.08032 0.72562 0.21513
v 0.00657 0.46802 -0.07090 0.08032 0.72562 0.21513
v 0.03174 0.46802 -0.06374 0.08032 0.72562 0.21513
v 0.05262 0.46802 -0.04797 0.08032 0.72562 0.21513
v 0.06640 0.46802 -0.02572 0.08032 0.72562 0.21513
v 0.07121 0.46802 -0.00000 0.08032 0.72562 0.21513
v 0.00000 0.46000 0.00000 0.08032 0.72562 0.21513
v 0.00000 0.46000 0.00000 0.08032 0.72562 0.21513
v 0.00000 0.46000 0.00000 0.08032 0.72562 0.21513
v 0.00000 0.46000 0.00000 0.08032 0.72562 0.21513
v 0.00000 0.46000 0.00000 0.08032 0.72562 0.21513
v 0.00000 0.46000 0.00000 0.08032 0.72562 0.21513
v 0.00000 0.46000 0.00000 0.08032 0.72562 0.21513
v 0.00000 0.46000 0.00000 0.08032 0.72562 0.21513
v 0.00000 0.46000 0.00000 0.08032 0.72562 0.21513
v 0.00000 0.46000 0.00000 0.08032 0.72562 0.21513
v 0.00000 0.46000 0.00000 0.08032 0.72562 0.21513
v 0.00000 0.46000 0.00000 0.08032 0.72562 0.21513
v 0.00000 0.46000 0.00000 0.08032 0.72562 0.21513
v 0.00000 0.46000 0.00000 0.08032 0.72562 0.21513
v 0.00000 0.46000 0.00000 0.08032 0.72562 0.21513
v 0.00000 0.46000 0.00000 0.08032 0.72562 0.21513
v 0.00000 0.46000 0.00000 0.08032 0.72562 0.21513
v 0.00000 0.46000 0.00000 0.08032 0.72562 0.21513
f 1 27 26
f 2 28 27
f 3 29 28
f 4 30 29
f 5 31 30
f 6 32 31
f 7 33 32
f 8 34 33
f 9 35 34
f 10 36 35
f 11 37 36
f 12 38 37
f 13 39 38
f 14 40 39
f 15 41 40
f 16 42 41
f 17 43 42
f 18 44 43
f 19 45 44
f 20 46 45
f 21 47 46
f 22 48 47
f 23 49 48
f 24 50 49
f 27 52 26
f 26 52 51
f 28 53 27
f 27 53 52
f 29 54 28
f 28 54 53
f 30 55 29
f 29 55 54
f 31 56 30
f 30 56 55
f 32 57 31
f 31 57 56
f 33 58 32
f 32 58 57
f 34 59 33
f 33 59 58
f 35 60 34
f 34 60 59
f 36 61 35
f 35 61 60
f 37 62 36
f 36 62 61
f 38 63 37
f 37 63 62
f 39 64 38
f 38 64 63
f 40 65 39
f 39 65 64
f 41 66 40
f 40 66 65
f 42 67 41
f 41 67 66
f 43 68 42
f 42 68 67
f 44 69 43
f 43 69 68
f 45 70 44
f 44 70 69
f 46 71 45
f 45 71 70
f 47 72 46
f 46 72 71
f 48 73 47
f 47 73 72
f 49 74 48
f 48 74 73
f 50 75 49
f 49 75 74
f 52 77 51
f 51 77 76
f 53 78 52
f 52 78 77
f 54 79 53
f 53 79 78
f 55 80 54
f 54 80 79
f 56 81 55
f 55 81 80
f 57 82 56
f 56 82 81
f 58 83 57
f 57 83 82
f 59 84 58
f 58 84 83
f 60 85 59
f 59 85 84
f 61 86 60
f 60 86 85
f 62 87 61
f 61 87 86
f 63 88 62
f 62 88 87
f 64 89 63
f 63 89 88
f 65 90 64
f 64 90 89
f 66 91 65
f 65 91 90
f 67 92 66
f 66 92 91
f 68 93 67
f 67 93 92
f 69 94 68
f 68 94 93
f 70 95 69
f 69 95 94
f 71 96 70
f 70 96 95
f 72 97 71
f 71 97 96
f 73 98 72
f 72 98 97
f 74 99 73
f 73 99 98
f 75 100 74
f 74 100 99
f 77 102 76
f 76 102 101
f 78 103 77
f 77 103 102
f 79 104 78
f 78 104 103
f 80 105 79
f 79 105 104
f 81 106 80
f 80 106 105
f 82 107 81
f 81 107 106
f 83 108 82
f 82 108 107
f 84 109 83
f 83 109 108
f 85 110 84
f 84 110 109
f 86 111 85
f 85 111 110
f 87 112 86
f 86 112 111
f 88 113 87
f 87 113 112
f 89 114 88
f 88 114 113
f 90 115 89
f 89 115 114
f 91 116 90
f 90 116 115
f 92 117 91
f 91 117 116
f 93 118 92
f 92 118 117
f 94 119 93
f 93 119 118
f 95 120 94
f 94 120 119
f 96 121 95
f 95 121 120
f 97 122 96
f 96 122 121
f 98 123 97
f 97 123 122
f 99 124 98
f 98 124 123
f 100 125 99
f 99 125 124
f 102 127 101
f 101 127 126
f 103 128 102
f 102 128 127
f 104 129 103
f 103 129 128
f 105 130 104
f 104 130 129
f 106 131 105
f 105 131 130
f 107 132 106
f 106 132 131
f 108 133 107
f 107 133 132
f 109 134 108
f 108 134 133
f 110 135 109
f 109 135 134
f 111 136 110
f 110 136 135
f 112 137 111
f 111 137 136
f 113 138 112
f 112 138 137
f 114 139 113
f 113 139 138
f 115 140 114
f 114 140 139
f 116 141 115
f 115 141 140
f 117 142 116
f 116 142 141
f 118 143 117
f 117 143 142
f 119 144 118
f 118 144 143
f 120 145 119
f 119 145 144
f 121 146 120
f 120 146 145
f 122 147 121
f 121 147 146
f 123 148 122
f 122 148 147
f 124 149 123
f 123 149 148
f 125 150 124
f 124 150 149
f 127 152 126
f 126 152 151
f 128 153 127
f 127 153 152
f 129 154 128
f 128 154 153
f 130 155 129
f 129 155 154
f 131 156 130
f 130 156 155
f 132 157 131
f 131 157 156
f 133 158 132
f 132 158 157
f 134 159 133
f 133 159 158
f 135 160 134
f 134 160 159
f 136 161 135
f 135 161 160
f 137 162 136
f 136 162 161
f 138 163 137
f 137 163 162
f 139 164 138
f 138 164 163
f 140 165 139
f 139 165 164
f 141 166 140
f 140 166 165
f 142 167 141
f 141 167 166
f 143 168 142
f 142 168 167
f 144 169 143
f 143 169 168
f 145 170 144
f 144 170 169
f 146 171 145
f 145 171 170
f 147 172 146
f 146 172 171
f 148 173 147
f 147 173 172
f 149 174 148
f 148 174 173
f 150 175 149
f 149 175 174
f 152 177 151
f 151 177 176
f 153 178 152
f 152 178 177
f 154 179 153
f 153 179 178
f 155 180 154
f 154 180 179
f 156 181 155
f 155 181 180
f 157 182 156
f 156 182 181
f 158 183 157
f 157 183 182
f 159 184 158
f 158 184 183
f 160 185 159
f 159 185 184
f 161 186 160
f 160 186 185
f 162 187 161
f 161 187 186
f 163 188 162
f 162 188 187
f 164 189 163
f 163 189 188
f 165 190 164
f 164 190 189
f 166 191 165
f 165 191 190
f 167 192 166
f 166 192 191
f 168 193 167
f 167 193 192
f 169 194 168
f 168 194 193
f 170 195 169
f 169 195 194
f 171 196 170
f 170 196 195
f 172 197 171
f 171 197 196
f 173 198 172
f 172 198 197
f 174 199 173
f 173 199 198
f 175 200 174
f 174 200 199
f 177 202 176
f 176 202 201
f 178 203 177
f 177 203 202
f 179 204 178
f 178 204 203
f 180 205 179
f 179 205 204
f 181 206 180
f 180 206 205
f 182 207 181
f 181 207 206
f 183 208 182
f 182 208 207
f 184 209 183
f 183 209 208
f 185 210 184
f 184 210 209
f 186 211 185
f 185 211 210
f 187 212 186
f 186 212 211
f 188 213 187
f 187 213 212
f 189 214 188
f 188 214 213
f 190 215 189
f 189 215 214
f 191 216 190
f 190 216 215
f 192 217 191
f 191 217 216
f 193 218 192
f 192 218 217
f 194 219 193
f 193 219 218
f 195 220 194
f 194 220 219
f 196 221 195
f 195 221 220
f 197 222 196
f 196 222 221
f 198 223 197
f 197 223 222
f 199 224 198
f 198 224 223
f 200 225 199
f 199 225 224
f 202 227 201
f 201 227 226
f 203 228 202
f 202 228 227
f 204 229 203
f 203 229 228
f 205 230 204
f 204 230 229
f 206 231 205
f 205 231 230
f 207 232 206
f 206 232 231
f 208 233 207
f 207 233 232
f 209 234 208
f 208 234 233
f 210 235 209
f 209 235 234
f 211 236 210
f 210 236 235
f 212 237 211
f 211 237 236
f 213 238 212
f 212 238 237
f 214 239 213
f 213 239 238
f 215 240 214
f 214 240 239
f 216 241 215
f 215 241 240
f 217 242 216
f 216 242 241
f 218 243 217
f 217 243 242
f 219 244 218
f 218 244 243
f 220 245 219
f 219 245 244
f 221 246 220
f 220 246 245
f 222 247 221
f 221 247 246
f 223 248 222
f 222 248 247
f 224 249 223
f 223 249 248
f 225 250 224
f 224 250 249
f 227 252 226
f 226 252 251
f 228 253 227
f 227 253 252
f 229 254 228
f 228 254 253
f 230 255 229
f 229 255 254
f 231 256 230
f 230 256 255
f 232 257 231
f 231 257 256
f 233 258 232
f 232 258 257
f 234 259 233
f 233 259 258
f 235 260 234
f 234 260 259
f 236 261 235
f 235 261 260
f 237 262 236
f 236 262 261
f 238 263 237
f 237 263 262
f 239 264 238
f 238 264 263
f 240 265 239
f 239 265 264
f 241 266 240
f 240 266 265
f 242 267 241
f 241 267 266
f 243 268 242
f 242 268 267
f 244 269 243
f 243 269 268
f 245 270 244
f 244 270 269
f 246 271 245
f 245 271 270
f 247 272 246
f 246 272 271
f 248 273 247
f 247 273 272
f 249 274 248
f 248 274 273
f 250 275 249
f 249 275 274
f 252 277 251
f 251 277 276
f 253 278 252
f 252 278 277
f 254 279 253
f 253 279 278
f 255 280 254
f 254 280 279
f 256 281 255
f 255 281 280
f 257 282 256
f 256 282 281
f 258 283 257
f 257 283 282
f 259 284 258
f 258 284 283
f 260 285 259
f 259 285 284
f 261 286 260
f 260 286 285
f 262 287 261
f 261 287 286
f 263 288 262
f 262 288 287
f 264 289 263
f 263 289 288
f 265 290 264
f 264 290 289
f 266 291 265
f 265 291 290
f 267 292 266
f 266 292 291
f 268 293 267
f 267 293 292
f 269 294 268
f 268 294 293
f 270 295 269
f 269 295 294
f 271 296 270
f 270 296 295
f 272 297 271
f 271 297 296
f 273 298 272
f 272 298 297
f 274 299 273
f 273 299 298
f 275 300 274
f 274 300 299
f 277 302 276
f 276 302 301
f 278 303 277
f 277 303 302
f 279 304 278
f 278 304 303
f 280 305 279
f 279 305 304
f 281 306 280
f 280 306 305
f 282 307 281
f 281 307 306
f 283 308 282
f 282 308 307
f 284 309 283
f 283 309 308
f 285 310 284
f 284 310 309
f 286 311 285
f 285 311 310
f 287 312 286
f 286 312 311
f 288 313 287
f 287 313 312
f 289 314 288
f 288 314 313
f 290 315 289
f 289 315 314
f 291 316 290
f 290 316 315
f 292 317 291
f 291 317 316
f 293 318 292
f 292 318 317
f 294 319 293
f 293 319 318
f 295 320 294
f 294 320 319
f 296 321 295
f 295 321 320
f 297 322 296
f 296 322 321
f 298 323 297
f 297 323 322
f 299 324 298
f 298 324 323
f 300 325 299
f 299 325 324
f 302 327 301
f 301 327 326
f 303 328 302
f 302 328 327
f 304 329 303
f 303 329 328
f 305 330 304
f 304 330 329
f 306 331 305
f 305 331 330
f 307 332 306
f 306 332 331
f 308 333 307
f 307 333 332
f 309 334 308
f 308 334 333
f 310 335 309
f 309 335 334
f 311 336 310
f 310 336 335
f 312 337 311
f 311 337 336
f 313 338 312
f 312 338 337
f 314 339 313
f 313 339 338
f 315 340 314
f 314 340 339
f 316 341 315
f 315 341 340
f 317 342 316
f 316 342 341
f 318 343 317
f 317 343 342
f 319 344 318
f 318 344 343
f 320 345 319
f 319 345 344
f 321 346 320
f 320 346 345
f 322 347 321
f 321 347 346
f 323 348 322
f 322 348 347
f 324 349 323
f 323 349 348
f 325 350 324
f 324 350 349
f 327 352 326
f 326 352 351
f 328 353 327
f 327 353 352
f 329 354 328
f 328 354 353
f 330 355 329
f 329 355 354
f 331 356 330
f 330 356 355
f 332 357 331
f 331 357 356
f 333 358 332
f 332 358 357
f 334 359 333
f 333 359 358
f 335 360 334
f 334 360 359
f 336 361 335
f 335 361 360
f 337 362 336
f 336 362 361
f 338 363 337
f 337 363 362
f 339 364 338
f 338 364 363
f 340 365 339
f 339 365 364
f 341 366 340
f 340 366 365
f 342 367 341
f 341 367 366
f 343 368 342
f 342 368 367
f 344 369 343
f 343 369 368
f 345 370 344
f 344 370 369
f 346 371 345
f 345 371 370
f 347 372 346
f 346 372 371
f 348 373 347
f 347 373 372
f 349 374 348
f 348 374 373
f 350 375 349
f 349 375 374
f 352 377 351
f 351 377 376
f 353 378 352
f 352 378 377
f 354 379 353
f 353 379 378
f 355 380 354
f 354 380 379
f 356 381 355
f 355 381 380
f 357 382 356
f 356 382 381
f 358 383 357
f 357 383 382
f 359 384 358
f 358 384 383
f 360 385 359
f 359 385 384
f 361 386 360
f 360 386 385
f 362 387 361
f 361 387 386
f 363 388 362
f 362 388 387
f 364 389 363
f 363 389 388
f 365 390 364
f 364 390 389
f 366 391 365
f 365 391 390
f 367 392 366
f 366 392 391
f 368 393 367
f 367 393 392
f 369 394 368
f 368 394 393
f 370 395 369
f 369 395 394
f 371 396 370
f 370 396 395
f 372 397 371
f 371 397 396
f 373 398 372
f 372 398 397
f 374 399 373
f 373 399 398
f 375 400 374
f 374 400 399
f 377 402 376
f 376 402 401
f 378 403 377
f 377 403 402
f 379 404 378
f 378 404 403
f 380 405 379
f 379 405 404
f 381 406 380
f 380 406 405
f 382 407 381
f 381 407 406
f 383 408 382
f 382 408 407
f 384 409 383
f 383 409 408
f 385 410 384
f 384 410 409
f 386 411 385
f 385 411 410
f 387 412 386
f 386 412 411
f 388 413 387
f 387 413 412
f 389 414 388
f 388 414 413
f 390 415 389
f 389 415 414
f 391 416 390
f 390 416 415
f 392 417 391
f 391 417 416
f 393 418 392
f 392 418 417
f 394 419 393
f 393 419 418
f 395 420 394
f 394 420 419
f 396 421 395
f 395 421 420
f 397 422 396
f 396 422 421
f 398 423 397
f 397 423 422
f 399 424 398
f 398 424 423
f 400 425 399
f 399 425 424
f 402 427 401
f 401 427 426
f 403 428 402
f 402 428 427
f 404 429 403
f 403 429 428
f 405 430 404
f 404 430 429
f 406 431 405
f 405 431 430
f 407 432 406
f 406 432 431
f 408 433 407
f 407 433 432
f 409 434 408
f 408 434 433
f 410 435 409
f 409 435 434
f 411 436 410
f 410 436 435
f 412 437 411
f 411 437 436
f 413 438 412
f 412 438 437
f 414 439 413
f 413 439 438
f 415 440 414
f 414 440 439
f 416 441 415
f 415 441 440
f 417 442 416
f 416 442 441
f 418 443 417
f 417 443 442
f 419 444 418
f 418 444 443
f 420 445 419
f 419 445 444
f 421 446 420
f 420 446 445
f 422 447 421
f 421 447 446
f 423 448 422
f 422 448 447
f 424 449 423
f 423 449 448
f 425 450 424
f 424 450 449
f 427 452 426
f 426 452 451
f 428 453 427
f 427 453 452
f 429 454 428
f 428 454 453
f 430 455 429
f 429 455 454
f 431 456 430
f 430 456 455
f 432 457 431
f 431 457 456
f 433 458 432
f 432 458 457
f 434 459 433
f 433 459 458
f 435 460 434
f 434 460 459
f 436 461 435
f 435 461 460
f 437 462 436
f 436 462 461
f 438 463 437
f 437 463 462
f 439 464 438
f 438 464 463
f 440 465 439
f 439 465 464
f 441 466 440
f 440 466 465
f 442 467 441
f 441 467 466
f 443 468 442
f 442 468 467
f 444 469 443
f 443 469 468
f 445 470 444
f 444 470 469
f 446 471 445
f 445 471 470
f 447 472 446
f 446 472 471
f 448 473 447
f 447 473 472
f 449 474 448
f 448 474 473
f 450 475 449
f 449 475 474
f 452 477 451
f 453 478 452
f 454 479 453
f 455 480 454
f 456 481 455
f 457 482 456
f 458 483 457
f 459 484 458
f 460 485 459
f 461 486 460
f 462 487 461
f 463 488 462
f 464 489 463
f 465 490 464
f 466 491 465
f 467 492 466
f 468 493 467
f 469 494 468
f 470 495 469
f 471 496 470
f 472 497 471
f 473 498 472
f 474 499 473
f 475 500 474
f 501 520 519
f 502 521 520
f 503 522 521
f 504 523 522
f 505 524 523
f 506 525 524
f 507 526 525
f 508 527 526
f 509 528 527
f 510 529 528
f 511 530 529
f 512 531 530
f 513 532 531
f 514 533 532
f 515 534 533
f 516 535 534
f 517 536 535
f 520 538 519
f 519 538 537
f 521 539 520
f 520 539 538
f 522 540 521
f 521 540 539
f 523 541 522
f 522 541 540
f 524 542 523
f 523 542 541
f 525 543 524
f 524 543 542
f 526 544 525
f 525 544 543
f 527 545 526
f 526 545 544
f 528 546 527
f 527 546 545
f 529 547 528
f 528 547 546
f 530 548 529
f 529 548 547
f 531 549 530
f 530 549 548
f 532 550 531
f 531 550 549
f 533 551 532
f 532 551 550
f 534 552 533
f 533 552 551
f 535 553 534
f 534 553 552
f 536 554 535
f 535 554 553
f 538 556 537
f 537 556 555
f 539 557 538
f 538 557 556
f 540 558 539
f 539 558 557
f 541 559 540
f 540 559 558
f 542 560 541
f 541 560 559
f 543 561 542
f 542 561 560
f 544 562 543
f 543 562 561
f 545 563 544
f 544 563 562
f 546 564 545
f 545 564 563
f 547 565 546
f 546 565 564
f 548 566 547
f 547 566 565
f 549 567 548
f 548 567 566
f 550 568 549
f 549 568 567
f 551 569 550
f 550 569 568
f 552 570 551
f 551 570 569
f 553 571 552
f 552 571 570
f 554 572 553
f 553 572 571
f 556 574 555
f 555 574 573
f 557 575 556
f 556 575 574
f 558 576 557
f 557 576 575
f 559 577 558
f 558 577 576
f 560 578 559
f 559 578 577
f 561 579 560
f 560 579 578
f 562 580 561
f 561 580 579
f 563 581 562
f 562 581 580
f 564 582 563
f 563 582 581
f 565 583 564
f 564 583 582
f 566 584 565
f 565 584 583
f 567 585 566
f 566 585 584
f 568 586 567
f 567 586 585
f 569 587 568
f 568 587 586
f 570 588 569
f 569 588 587
f 571 589 570
f 570 589 588
f 572 590 571
f 571 590 589
f 574 592 573
f 573 592 591
f 575 593 574
f 574 593 592
f 576 594 575
f 575 594 593
f 577 595 576
f 576 595 594
f 578 596 577
f 577 596 595
f 579 597 578
f 578 597 596
f 580 598 579
f 579 598 597
f 581 599 580
f 580 599 598
f 582 600 581
f 581 600 599
f 583 601 582
f 582 601 600
f 584 602 583
f 583 602 601
f 585 603 584
f 584 603 602
f 586 604 585
f 585 604 603
f 587 605 586
f 586 605 604
f 588 606 587
f 587 606 605
f 589 607 588
f 588 607 606
f 590 608 589
f 589 608 607
f 592 610 591
f 591 610 609
f 593 611 592
f 592 611 610
f 594 612 593
f 593 612 611
f 595 613 594
f 594 613 612
f 596 614 595
f 595 614 613
f 597 615 596
f 596 615 614
f 598 616 597
f 597 616 615
f 599 617 598
f 598 617 616
f 600 618 599
f 599 618 617
f 601 619 600
f 600 619 618
f 602 620 601
f 601 620 619
f 603 621 602
f 602 621 620
f 604 622 603
f 603 622 621
f 605 623 604
f 604 623 622
f 606 624 605
f 605 624 623
f 607 625 606
f 606 625 624
f 608 626 607
f 607 626 625
f 610 628 609
f 609 628 627
f 611 629 610
f 610 629 628
f 612 630 611
f 611 630 629
f 613 631 612
f 612 631 630
f 614 632 613
f 613 632 631
f 615 633 614
f 614 633 632
f 616 634 615
f 615 634 633
f 617 635 616
f 616 635 634
f 618 636 617
f 617 636 635
f 619 637 618
f 618 637 636
f 620 638 619
f 619 638 637
f 621 639 620
f 620 639 638
f 622 640 621
f 621 640 639
f 623 641 622
f 622 641 640
f 624 642 623
f 623 642 641
f 625 643 624
f 624 643 642
f 626 644 625
f 625 644 643
f 628 646 627
f 627 646 645
f 629 647 628
f 628 647 646
f 630 648 629
f 629 648 647
f 631 649 630
f 630 649 648
f 632 650 631
f 631 650 649
f 633 651 632
f 632 651 650
f 634 652 633
f 633 652 651
f 635 653 634
f 634 653 652
f 636 654 635
f 635 654 653
f 637 655 636
f 636 655 654
f 638 656 637
f 637 656 655
f 639 657 638
f 638 657 656
f 640 658 639
f 639 658 657
f 641 659 640
f 640 659 658
f 642 660 641
f 641 660 659
f 643 661 642
f 642 661 660
f 644 662 643
f 643 662 661
f 646 664 645
f 645 664 663
f 647 665 646
f 646 665 664
f 648 666 647
f 647 666 665
f 649 667 648
f 648 667 666
f 650 668 649
f 649 668 667
f 651 669 650
f 650 669 668
f 652 670 651
f 651 670 669
f 653 671 652
f 652 671 670
f 654 672 653
f 653 672 671
f 655 673 654
f 654 673 672
f 656 674 655
f 655 674 673
f 657 675 656
f 656 675 674
f 658 676 657
f 657 676 675
f 659 677 658
f 658 677 676
f 660 678 659
f 659 678 677
f 661 679 660
f 660 679 678
f 662 680 661
f 661 680 679
f 664 682 663
f 663 682 681
f 665 683 664
f 664 683 682
f 666 684 665
f 665 684 683
f 667 685 666
f 666 685 684
f 668 686 667
f 667 686 685
f 669 687 668
f 668 687 686
f 670 688 669
f 669 688 687
f 671 689 670
f 670 689 688
f 672 690 671
f 671 690 689
f 673 691 672
f 672 691 690
f 674 692 673
f 673 692 691
f 675 693 674
f 674 693 692
f 676 694 675
f 675 694 693
f 677 695 676
f 676 695 694
f 678 696 677
f 677 696 695
f 679 697 678
f 678 697 696
f 680 698 679
f 679 698 697
f 682 700 681
f 681 700 699
f 683 701 682
f 682 701 700
f 684 702 683
f 683 702 701
f 685 703 684
f 684 703 702
f 686 704 685
f 685 704 703
f 687 705 686
f 686 705 704
f 688 706 687
f 687 706 705
f 689 707 688
f 688 707 706
f 690 708 689
f 689 708 707
f 691 709 690
f 690 709 708
f 692 710 691
f 691 710 709
f 693 711 692
f 692 711 710
f 694 712 693
f 693 712 711
f 695 713 694
f 694 713 712
f 696 714 695
f 695 714 713
f 697 715 696
f 696 715 714
f 698 716 697
f 697 716 715
f 700 718 699
f 699 718 717
f 701 719 700
f 700 719 718
f 702 720 701
f 701 720 719
f 703 721 702
f 702 721 720
f 704 722 703
f 703 722 721
f 705 723 704
f 704 723 722
f 706 724 705
f 705 724 723
f 707 725 706
f 706 725 724
f 708 726 707
f 707 726 725
f 709 727 708
f 708 727 726
f 710 728 709
f 709 728 727
f 711 729 710
f 710 729 728
f 712 730 711
f 711 730 729
f 713 731 712
f 712 731 730
f 714 732 713
f 713 732 731
f 715 733 714
f 714 733 732
f 716 734 715
f 715 734 733
f 718 736 717
f 717 736 735
f 719 737 718
f 718 737 736
f 720 738 719
f 719 738 737
f 721 739 720
f 720 739 738
f 722 740 721
f 721 740 739
f 723 741 722
f 722 741 740
f 724 742 723
f 723 742 741
f 725 743 724
f 724 743 742
f 726 744 725
f 725 744 743
f 727 745 726
f 726 745 744
f 728 746 727
f 727 746 745
f 729 747 728
f 728 747 746
f 730 748 729
f 729 748 747
f 731 749 730
f 730 749 748
f 732 750 731
f 731 750 749
f 733 751 732
f 732 751 750
f 734 752 733
f 733 752 751
f 736 754 735
f 737 755 736
f 738 756 737
f 739 757 738
f 740 758 739
f 741 759 740
f 742 760 741
f 743 761 742
f 744 762 743
f 745 763 744
f 746 764 745
f 747 765 746
f 748 766 747
f 749 767 748
f 750 768 749
f 751 769 750
f 752 770 751
v 0.00000 0.70000 0.00000 0.45591 1.00000 0.68051
v 0.00000 0.70000 0.00000 0.45591 1.00000 0.68051
v 0.00000 0.70000 0.00000 0.45591 1.00000 0.68051
v 0.00000 0.70000 0.00000 0.45591 1.00000 0.68051
v 0.00000 0.70000 0.00000 0.45591 1.00000 0.68051
v 0.00000 0.70000 0.00000 0.45591 1.00000 0.68051
v 0.00000 0.70000 0.00000 0.45591 1.00000 0.68051
v 0.00000 0.70000 0.00000 0.45591 1.00000 0.68051
v 0.00000 0.70000 0.00000 0.45591 1.00000 0.68051
v 0.00000 0.70000 0.00000 0.45591 1.00000 0.68051
v 0.00000 0.70000 0.00000 0.45591 1.00000 0.68051
v 0.00000 0.70000 0.00000 0.45591 1.00000 0.68051
v 0.00000 0.70000 0.00000 0.45591 1.00000 0.68051
v 0.04326 0.69315 0.00000 0.45591 1.00000 0.68051
v 0.03747 0.69315 0.02163 0.45591 1.00000 0.68051
v 0.02163 0.69315 0.03747 0.45591 1.00000 0.68051
v 0.00000 0.69315 0.04326 0.45591 1.00000 0.68051
v -0.02163 0.69315 0.03747 0.45591 1.00000 0.68051
v -0.03747 0.69315 0.02163 0.45591 1.00000 0.68051
v -0.04326 0.69315 0.00000 0.45591 1.00000 0.68051
v -0.03747 0.69315 -0.02163 0.45591 1.00000 0.68051
v -0.02163 0.69315 -0.03747 0.45591 1.00000 0.68051
v -0.00000 0.69315 -0.04326 0.45591 1.00000 0.68051
v 0.02163 0.69315 -0.03747 0.45591 1.00000 0.68051
v 0.03747 0.69315 -0.02163 0.45591 1.00000 0.68051
v 0.04326 0.69315 -0.00000 0.45591 1.00000 0.68051
v 0.08229 0.67326 0.00000 0.45591 1.00000 0.68051
v 0.07127 0.67326 0.04114 0.45591 1.00000 0.68051
v 0.04114 0.67326 0.07127 0.45591 1.00000 0.68051
v 0.00000 0.67326 0.08229 0.45591 1.00000 0.68051
v -0.04114 0.67326 0.07127 0.45591 1.00000 0.68051
v -0.07127 0.67326 0.04114 0.45591 1.00000 0.68051
v -0.08229 0.67326 0.00000 0.45591 1.00000 0.68051
v -0.07127 0.67326 -0.04114 0.45591 1.00000 0.68051
v -0.04114 0.67326 -0.07127 0.45591 1.00000 0.68051
v -0.00000 0.67326 -0.08229 0.45591 1.00000 0.68051
v 0.04114 0.67326 -0.07127 0.45591 1.00000 0.68051
v 0.07127 0.67326 -0.04114 0.45591 1.00000 0.68051
v 0.08229 0.67326 -0.00000 0.45591 1.00000 0.68051
v 0.11326 0.64229 0.00000 0.45591 1.00000 0.68051
v 0.09809 0.64229 0.05663 0.45591 1.00000 0.68051
v 0.05663 0.64229 0.09809 0.45591 1.00000 0.68051
v 0.00000 0.64229 0.11326 0.45591 1.00000 0.68051
v -0.05663 0.64229 0.09809 0.45591 1.00000 0.68051
v -0.09809 0.64229 0.05663 0.45591 1.00000 0.68051
v -0.11326 0.64229 0.00000 0.45591 1.00000 0.68051
v -0.09809 0.64229 -0.05663 0.45591 1.00000 0.68051
v -0.05663 0.64229 -0.09809 0.45591 1.00000 0.68051
v -0.00000 0.64229 -0.11326 0.45591 1.00000 0.68051
v 0.05663 0.64229 -0.09809 0.45591 1.00000 0.68051
v 0.09809 0.64229 -0.05663 0.45591 1.00000 0.68051
v 0.11326 0.64229 -0.00000 0.45591 1.00000 0.68051
v 0.13315 0.60326 0.00000 0.45591 1.00000 0.68051
v 0.11531 0.60326 0.06657 0.45591 1.00000 0.68051
v 0.06657 0.60326 0.11531 0.45591 1.00000 0.68051
v 0.00000 0.60326 0.13315 0.45591 1.00000 0.68051
v -0.06657 0.60326 0.11531 0.45591 1.00000 0.68051
v -0.11531 0.60326 0.06657 0.45591 1.00000 0.68051
v -0.13315 0.60326 0.00000 0.45591 1.00000 0.68051
v -0.11531 0.60326 -0.06657 0.45591 1.00000 0.68051
v -0.06657 0.60326 -0.11531 0.45591 1.00000 0.68051
v -0.00000 0.60326 -0.13315 0.45591 1.00000 0.68051
v 0.06657 0.60326 -0.11531 0.45591 1.00000 0.68051
v 0.11531 0.60326 -0.06657 0.45591 1.00000 0.68051
v 0.13315 0.60326 -0.00000 0.45591 1.00000 0.68051
v 0.14000 0.56000 0.00000 0.45591 1.00000 0.68051
v 0.12124 0.56000 0.07000 0.45591 1.00000 0.68051
v 0.07000 0.56000 0.12124 0.45591 1.00000 0.68051
v 0.00000 0.56000 0.14000 0.45591 1.00000 0.68051
v -0.07000 0.56000 0.12124 0.45591 1.00000 0.68051
v -0.12124 0.56000 0.07000 0.45591 1.00000 0.68051
v -0.14000 0.56000 0.00000 0.45591 1.00000 0.68051
v -0.12124 0.56000 -0.07000 0.45591 1.00000 0.68051
v -0.07000 0.56000 -0.12124 0.45591 1.00000 0.68051
v -0.00000 0.56000 -0.14000 0.45591 1.00000 0.68051
v 0.07000 0.56000 -0.12124 0.45591 1.00000 0.68051
v 0.12124 0.56000 -0.07000 0.45591 1.00000 0.68051
v 0.14000 0.56000 -0.00000 0.45591 1.00000 0.68051
v 0.13315 0.51674 0.00000 0.45591 1.00000 0.68051
v 0.11531 0.51674 0.06657 0.45591 1.00000 0.68051
v 0.06657 0.51674 0.11531 0.45591 1.00000 0.68051
v 0.00000 0.51674 0.13315 0.45591 1.00000 0.68051
v -0.06657 0.51674 0.11531 0.45591 1.00000 0.68051
v -0.11531 0.51674 0.06657 0.45591 1.00000 0.68051
v -0.13315 0.51674 0.00000 0.45591 1.00000 0.68051
v -0.11531 0.51674 -0.06657 0.45591 1.00000 0.68051
v -0.06657 0.51674 -0.11531 0.45591 1.00000 0.68051
v -0.00000 0.51674 -0.13315 0.45591 1.00000 0.68051
v 0.06657 0.51674 -0.11531 0.45591 1.00000 0.68051
v 0.11531 0.51674 -0.06657 0.45591 1.00000 0.68051
v 0.13315 0.51674 -0.00000 0.45591 1.00000 0.68051
v 0.11326 0.47771 0.00000 0.45591 1.00000 0.68051
v 0.09809 0.47771 0.05663 0.45591 1.00000 0.68051
v 0.05663 0.47771 0.09809 0.45591 1.00000 0.68051
v 0.00000 0.47771 0.11326 0.45591 1.00000 0.68051
v -0.05663 0.47771 0.09809 0.45591 1.00000 0.68051
v -0.09809 0.47771 0.05663 0.45591 1.00000 0.68051
v -0.11326 0.47771 0.00000 0.45591 1.00000 0.68051
v -0.09809 0.47771 -0.05663 0.45591 1.00000 0.68051
v -0.05663 0.47771 -0.09809 0.45591 1.00000 0.68051
v -0.00000 0.47771 -0.11326 0.45591 1.00000 0.68051
v 0.05663 0.47771 -0.09809 0.45591 1.00000 0.68051
v 0.09809 0.47771 -0.05663 0.45591 1.00000 0.68051
v 0.11326 0.47771 -0.00000 0.45591 1.00000 0.68051
v 0.08229 0.44674 0.00000 0.45591 1.00000 0.68051
v 0.07127 0.44674 0.04114 0.45591 1.00000 0.68051
v 0.04114 0.44674 0.07127 0.45591 1.00000 0.68051
v 0.00000 0.44674 0.08229 0.45591 1.00000 0.68051
v -0.04114 0.44674 0.07127 0.45591 1.00000 0.68051
v -0.07127 0.44674 0.04114 0.45591 1.00000 0.68051
v -0.08229 0.44674 0.00000 0.45591 1.00000 0.68051
v -0.07127 0.44674 -0.04114 0.45591 1.00000 0.68051
v -0.04114 0.44674 -0.07127 0.45591 1.00000 0.68051
v -0.00000 0.44674 -0.08229 0.45591 1.00000 0.68051
v 0.04114 0.44674 -0.07127 0.45591 1.00000 0.68051
v 0.07127 0.44674 -0.04114 0.45591 1.00000 0.68051
v 0.08229 0.44674 -0.00000 0.45591 1.00000 0.68051
v 0.04326 0.42685 0.00000 0.45591 1.00000 0.68051
v 0.03747 0.42685 0.02163 0.45591 1.00000 0.68051
v 0.02163 0.42685 0.03747 0.45591 1.00000 0.68051
v 0.00000 0.42685 0.04326 0.45591 1.00000 0.68051
v -0.02163 0.42685 0.03747 0.45591 1.00000 0.68051
v -0.03747 0.42685 0.02163 0.45591 1.00000 0.68051
v -0.04326 0.42685 0.00000 0.45591 1.00000 0.68051
v -0.03747 0.42685 -0.02163 0.45591 1.00000 0.68051
v -0.02163 0.42685 -0.03747 0.45591 1.00000 0.68051
v -0.00000 0.42685 -0.04326 0.45591 1.00000 0.68051
v 0.02163 0.42685 -0.03747 0.45591 1.00000 0.68051
v 0.03747 0.42685 -0.02163 0.45591 1.00000 0.68051
v 0.04326 0.42685 -0.00000 0.45591 1.00000 0.68051
v 0.00000 0.42000 0.00000 0.45591 1.00000 0.68051
v 0.00000 0.42000 0.00000 0.45591 1.00000 0.68051
v 0.00000 0.42000 0.00000 0.45591 1.00000 0.68051
v 0.00000 0.42000 0.00000 0.45591 1.00000 0.68051
v 0.00000 0.42000 0.00000 0.45591 1.00000 0.68051
v 0.00000 0.42000 0.00000 0.45591 1.00000 0.68051
v 0.00000 0.42000 0.00000 0.45591 1.00000 0.68051
v 0.00000 0.42000 0.00000 0.45591 1.00000 0.68051
v 0.00000 0.42000 0.00000 0.45591 1.00000 0.68051
v 0.00000 0.42000 0.00000 0.45591 1.00000 0.68051
v 0.00000 0.42000 0.00000 0.45591 1.00000 0.68051
v 0.00000 0.42000 0.00000 0.45591 1.00000 0.68051
v 0.00000 0.42000 0.00000 0.45591 1.00000 0.68051
f 771 785 784
f 772 786 785
f 773 787 786
f 774 788 787
f 775 789 788
f 776 790 789
f 777 791 790
f 778 792 791
f 779 793 792
f 780 794 793
f 781 795 794
f 782 796 795
f 785 798 784
f 784 798 797
f 786 799 785
f 785 799 798
f 787 800 786
f 786 800 799
f 788 801 787
f 787 801 800
f 789 802 788
f 788 802 801
f 790 803 789
f 789 803 802
f 791 804 790
f 790 804 803
f 792 805 791
f 791 805 804
f 793 806 792
f 792 806 805
f 794 807 793
f 793 807 806
f 795 808 794
f 794 808 807
f 796 809 795
f 795 809 808
f 798 811 797
f 797 811 810
f 799 812 798
f 798 812 811
f 800 813 799
f 799 813 812
f 801 814 800
f 800 814 813
f 802 815 801
f 801 815 814
f 803 816 802
f 802 816 815
f 804 817 803
f 803 817 816
f 805 818 804
f 804 818 817
f 806 819 805
f 805 819 818
f 807 820 806
f 806 820 819
f 808 821 807
f 807 821 820
f 809 822 808
f 808 822 821
f 811 824 810
f 810 824 823
f 812 825 811
f 811 825 824
f 813 826 812
f 812 826 825
f 814 827 813
f 813 827 826
f 815 828 814
f 814 828 827
f 816 829 815
f 815 829 828
f 817 830 816
f 816 830 829
f 818 831 817
f 817 831 830
f 819 832 818
f 818 832 831
f 820 833 819
f 819 833 832
f 821 834 820
f 820 834 833
f 822 835 821
f 821 835 834
f 824 837 823
f 823 837 836
f 825 838 824
f 824 838 837
f 826 839 825
f 825 839 838
f 827 840 826
f 826 840 839
f 828 841 827
f 827 841 840
f 829 842 828
f 828 842 841
f 830 843 829
f 829 843 842
f 831 844 830
f 830 844 843
f 832 845 831
f 831 845 844
f 833 846 832
f 832 846 845
f 834 847 833
f 833 847 846
f 835 848 834
f 834 848 847
f 837 850 836
f 836 850 849
f 838 851 837
f 837 851 850
f 839 852 838
f 838 852 851
f 840 853 839
f 839 853 852
f 841 854 840
f 840 854 853
f 842 855 841
f 841 855 854
f 843 856 842
f 842 856 855
f 844 857 843
f 843 857 856
f 845 858 844
f 844 858 857
f 846 859 845
f 845 859 858
f 847 860 846
f 846 860 859
f 848 861 847
f 847 861 860
f 850 863 849
f 849 863 862
f 851 864 850
f 850 864 863
f 852 865 851
f 851 865 864
f 853 866 852
f 852 866 865
f 854 867 853
f 853 867 866
f 855 868 854
f 854 868 867
f 856 869 855
f 855 869 868
f 857 870 856
f 856 870 869
f 858 871 857
f 857 871 870
f 859 872 858
f 858 872 871
f 860 873 859
f 859 873 872
f 861 874 860
f 860 874 873
f 863 876 862
f 862 876 875
f 864 877 863
f 863 877 876
f 865 878 864
f 864 878 877
f 866 879 865
f 865 879 878
f 867 880 866
f 866 880 879
f 868 881 867
f 867 881 880
f 869 882 868
f 868 882 881
f 870 883 869
f 869 883 882
f 871 884 870
f 870 884 883
f 872 885 871
f 871 885 884
f 873 886 872
f 872 886 885
f 874 887 873
f 873 887 886
f 876 889 875
f 875 889 888
f 877 890 876
f 876 890 889
f 878 891 877
f 877 891 890
f 879 892 878
f 878 892 891
f 880 893 879
f 879 893 892
f 881 894 880
f 880 894 893
f 882 895 881
f 881 895 894
f 883 896 882
f 882 896 895
f 884 897 883
f 883 897 896
f 885 898 884
f 884 898 897
f 886 899 885
f 885 899 898
f 887 900 886
f 886 900 899
f 889 902 888
f 890 903 889
f 891 904 890
f 892 905 891
f 893 906 892
f 894 907 893
f 895 908 894
f 896 909 895
f 897 910 896
f 898 911 897
f 899 912 898
f 900 913 899
v 0.16000 0.15000 0.38000 0.00518 0.00913 0.00243
v 0.16000 0.15000 0.38000 0.00518 0.00913 0.00243
v 0.16000 0.15000 0.38000 0.00518 0.00913 0.00243
v 0.16000 0.15000 0.38000 0.00518 0.00913 0.00243
v 0.16000 0.15000 0.38000 0.00518 0.00913 0.00243
v 0.16000 0.15000 0.38000 0.00518 0.00913 0.00243
v 0.16000 0.15000 0.38000 0.00518 0.00913 0.00243
v 0.16000 0.15000 0.38000 0.00518 0.00913 0.00243
v 0.16000 0.15000 0.38000 0.00518 0.00913 0.00243
v 0.16000 0.15000 0.38000 0.00518 0.00913 0.00243
v 0.16000 0.15000 0.38000 0.00518 0.00913 0.00243
v 0.18394 0.14578 0.38000 0.00518 0.00913 0.00243
v 0.17937 0.14578 0.39407 0.00518 0.00913 0.00243
v 0.16740 0.14578 0.40277 0.00518 0.00913 0.00243
v 0.15260 0.14578 0.40277 0.00518 0.00913 0.00243
v 0.14063 0.14578 0.39407 0.00518 0.00913 0.00243
v 0.13606 0.14578 0.38000 0.00518 0.00913 0.00243
v 0.14063 0.14578 0.36593 0.00518 0.00913 0.00243
v 0.15260 0.14578 0.35723 0.00518 0.00913 0.00243
v 0.16740 0.14578 0.35723 0.00518 0.00913 0.00243
v 0.17937 0.14578 0.36593 0.00518 0.00913 0.00243
v 0.18394 0.14578 0.38000 0.00518 0.00913 0.00243
v 0.20500 0.13362 0.38000 0.00518 0.00913 0.00243
v 0.19640 0.13362 0.40645 0.00518 0.00913 0.00243
v 0.17390 0.13362 0.42279 0.00518 0.00913 0.00243
v 0.14610 0.13362 0.42279 0.00518 0.00913 0.00243
v 0.12360 0.13362 0.40645 0.00518 0.00913 0.00243
v 0.11500 0.13362 0.38000 0.00518 0.00913 0.00243
v 0.12360 0.13362 0.35355 0.00518 0.00913 0.00243
v 0.14610 0.13362 0.33721 0.00518 0.00913 0.00243
v 0.17390 0.13362 0.33721 0.00518 0.00913 0.00243
v 0.19640 0.13362 0.35355 0.00518 0.00913 0.00243
v 0.20500 0.13362 0.38000 0.00518 0.00913 0.00243
v 0.22062 0.11500 0.38000 0.00518 0.00913 0.00243
v 0.20904 0.11500 0.41563 0.00518 0.00913 0.00243
v 0.17873 0.11500 0.43765 0.00518 0.00913 0.00243
v 0.14127 0.11500 0.43765 0.00518 0.00913 0.00243
v 0.11096 0.11500 0.41563 0.00518 0.00913 0.00243
v 0.09938 0.11500 0.38000 0.00518 0.00913 0.00243
v 0.11096 0.11500 0.34437 0.00518 0.00913 0.00243
v 0.14127 0.11500 0.32235 0.00518 0.00913 0.00243
v 0.17873 0.11500 0.32235 0.00518 0.00913 0.00243
v 0.20904 0.11500 0.34437 0.00518 0.00913 0.00243
v 0.22062 0.11500 0.38000 0.00518 0.00913 0.00243
v 0.22894 0.09216 0.38000 0.00518 0.00913 0.00243
v 0.21577 0.09216 0.42052 0.00518 0.00913 0.00243
v 0.18130 0.09216 0.44556 0.00518 0.00913 0.00243
v 0.13870 0.09216 0.44556 0.00518 0.00913 0.00243
v 0.10423 0.09216 0.42052 0.00518 0.00913 0.00243
v 0.09106 0.09216 0.38000 0.00518 0.00913 0.00243
v 0.10423 0.09216 0.33948 0.00518 0.00913 0.00243
v 0.13870 0.09216 0.31444 0.00518 0.00913 0.00243
v 0.18130 0.09216 0.31444 0.00518 0.00913 0.00243
v 0.21577 0.09216 0.33948 0.00518 0.00913 0.00243
v 0.22894 0.09216 0.38000 0.00518 0.00913 0.00243
v 0.22894 0.06784 0.38000 0.00518 0.00913 0.00243
v 0.21577 0.06784 0.42052 0.00518 0.00913 0.00243
v 0.18130 0.06784 0.44556 0.00518 0.00913 0.00243
v 0.13870 0.06784 0.44556 0.00518 0.00913 0.00243
v 0.10423 0.06784 0.42052 0.00518 0.00913 0.00243
v 0.09106 0.06784 0.38000 0.00518 0.00913 0.00243
v 0.10423 0.06784 0.33948 0.00518 0.00913 0.00243
v 0.13870 0.06784 0.31444 0.00518 0.00913 0.00243
v 0.18130 0.06784 0.31444 0.00518 0.00913 0.00243
v 0.21577 0.06784 0.33948 0.00518 0.00913 0.00243
v 0.22894 0.06784 0.38000 0.00518 0.00913 0.00243
v 0.22062 0.04500 0.38000 0.00518 0.00913 0.00243
v 0.20904 0.04500 0.41563 0.00518 0.00913 0.00243
v 0.17873 0.04500 0.43765 0.00518 0.00913 0.00243
v 0.14127 0.04500 0.43765 0.00518 0.00913 0.00243
v 0.11096 0.04500 0.41563 0.00518 0.00913 0.00243
v 0.09938 0.04500 0.38000 0.00518 0.00913 0.00243
v 0.11096 0.04500 0.34437 0.00518 0.00913 0.00243
v 0.14127 0.04500 0.32235 0.00518 0.00913 0.00243
v 0.17873 0.04500 0.32235 0.00518 0.00913 0.00243
v 0.20904 0.04500 0.34437 0.00518 0.00913 0.00243
v 0.22062 0.04500 0.38000 0.00518 0.00913 0.00243
v 0.20500 0.02638 0.38000 0.00518 0.00913 0.00243
v 0.19640 0.02638 0.40645 0.00518 0.00913 0.00243
v 0.17390 0.02638 0.42279 0.00518 0.00913 0.00243
v 0.14610 0.02638 0.42279 0.00518 0.00913 0.00243
v 0.12360 0.02638 0.40645 0.00518 0.00913 0.00243
v 0.11500 0.02638 0.38000 0.00518 0.00913 0.00243
v 0.12360 0.02638 0.35355 0.00518 0.00913 0.00243
v 0.14610 0.02638 0.33721 0.00518 0.00913 0.00243
v 0.17390 0.02638 0.33721 0.00518 0.00913 0.00243
v 0.19640 0.02638 0.35355 0.00518 0.00913 0.00243
v 0.20500 0.02638 0.38000 0.00518 0.00913 0.00243
v 0.18394 0.01422 0.38000 0.00518 0.00913 0.00243
v 0.17937 0.01422 0.39407 0.00518 0.00913 0.00243
v 0.16740 0.01422 0.40277 0.00518 0.00913 0.00243
v 0.15260 0.01422 0.40277 0.00518 0.00913 0.00243
v 0.14063 0.01422 0.39407 0.00518 0.00913 0.00243
v 0.13606 0.01422 0.38000 0.00518 0.00913 0.00243
v 0.14063 0.01422 0.36593 0.00518 0.00913 0.00243
v 0.15260 0.01422 0.35723 0.00518 0.00913 0.00243
v 0.16740 0.01422 0.35723 0.00518 0.00913 0.00243
v 0.17937 0.01422 0.36593 0.00518 0.00913 0.00243
v 0.18394 0.01422 0.38000 0.00518 0.00913 0.00243
v 0.16000 0.01000 0.38000 0.00518 0.00913 0.00243
v 0.16000 0.01000 0.38000 0.00518 0.00913 0.00243
v 0.16000 0.01000 0.38000 0.00518 0.00913 0.00243
v 0.16000 0.01000 0.38000 0.00518 0.00913 0.00243
v 0.16000 0.01000 0.38000 0.00518 0.00913 0.00243
v 0.16000 0.01000 0.38000 0.00518 0.00913 0.00243
v 0.16000 0.01000 0.38000 0.00518 0.00913 0.00243
v 0.16000 0.01000 0.38000 0.00518 0.00913 0.00243
v 0.16000 0.01000 0.38000 0.00518 0.00913 0.00243
v 0.16000 0.01000 0.38000 0.00518 0.00913 0.00243
v 0.16000 0.01000 0.38000 0.00518 0.00913 0.00243
v -0.16000 0.15000 0.38000 0.00518 0.00913 0.00243
v -0.16000 0.15000 0.38000 0.00518 0.00913 0.00243
v -0.16000 0.15000 0.38000 0.00518 0.00913 0.00243
v -0.16000 0.15000 0.38000 0.00518 0.00913 0.00243
v -0.16000 0.15000 0.38000 0.00518 0.00913 0.00243
v -0.16000 0.15000 0.38000 0.00518 0.00913 0.00243
v -0.16000 0.15000 0.38000 0.00518 0.00913 0.00243
v -0.16000 0.15000 0.38000 0.00518 0.00913 0.00243
v -0.16000 0.15000 0.38000 0.00518 0.00913 0.00243
v -0.16000 0.15000 0.38000 0.00518 0.00913 0.00243
v -0.16000 0.15000 0.38000 0.00518 0.00913 0.00243
v -0.13606 0.14578 0.38000 0.00518 0.00913 0.00243
v -0.14063 0.14578 0.39407 0.00518 0.00913 0.00243
v -0.15260 0.14578 0.40277 0.00518 0.00913 0.00243
v -0.16740 0.14578 0.40277 0.00518 0.00913 0.00243
v -0.17937 0.14578 0.39407 0.00518 0.00913 0.00243
v -0.18394 0.14578 0.38000 0.00518 0.00913 0.00243
v -0.17937 0.14578 0.36593 0.00518 0.00913 0.00243
v -0.16740 0.14578 0.35723 0.00518 0.00913 0.00243
v -0.15260 0.14578 0.35723 0.00518 0.00913 0.00243
v -0.14063 0.14578 0.36593 0.00518 0.00913 0.00243
v -0.13606 0.14578 0.38000 0.00518 0.00913 0.00243
v -0.11500 0.13362 0.38000 0.00518 0.00913 0.00243
v -0.12360 0.13362 0.40645 0.00518 0.00913 0.00243
v -0.14610 0.13362 0.42279 0.00518 0.00913 0.00243
v -0.17390 0.13362 0.42279 0.00518 0.00913 0.00243
v -0.19640 0.13362 0.40645 0.00518 0.00913 0.00243
v -0.20500 0.13362 0.38000 0.00518 0.00913 0.00243
v -0.19640 0.13362 0.35355 0.00518 0.00913 0.00243
v -0.17390 0.13362 0.33721 0.00518 0.00913 0.00243
v -0.14610 0.13362 0.33721 0.00518 0.00913 0.00243
v -0.12360 0.13362 0.35355 0.00518 0.00913 0.00243
v -0.11500 0.13362 0.38000 0.00518 0.00913 0.00243
v -0.09938 0.11500 0.38000 0.00518 0.00913 0.00243
v -0.11096 0.11500 0.41563 0.00518 0.00913 0.00243
v -0.14127 0.11500 0.43765 0.00518 0.00913 0.00243
v -0.17873 0.11500 0.43765 0.00518 0.00913 0.00243
v -0.20904 0.11500 0.41563 0.00518 0.00913 0.00243
v -0.22062 0.11500 0.38000 0.00518 0.00913 0.00243
v -0.20904 0.11500 0.34437 0.00518 0.00913 0.00243
v -0.17873 0.11500 0.32235 0.00518 0.00913 0.00243
v -0.14127 0.11500 0.32235 0.00518 0.00913 0.00243
v -0.11096 0.11500 0.34437 0.00518 0.00913 0.00243
v -0.09938 0.11500 0.38000 0.00518 0.00913 0.00243
v -0.09106 0.09216 0.38000 0.00518 0.00913 0.00243
v -0.10423 0.09216 0.42052 0.00518 0.00913 0.00243
v -0.13870 0.09216 0.44556 0.00518 0.00913 0.00243
v -0.18130 0.09216 0.44556 0.00518 0.00913 0.00243
v -0.21577 0.09216 0.42052 0.00518 0.00913 0.00243
v -0.22894 0.09216 0.38000 0.00518 0.00913 0.00243
v -0.21577 0.09216 0.33948 0.00518 0.00913 0.00243
v -0.18130 0.09216 0.31444 0.00518 0.00913 0.00243
v -0.13870 0.09216 0.31444 0.00518 0.00913 0.00243
v -0.10423 0.09216 0.33948 0.00518 0.00913 0.00243
v -0.09106 0.09216 0.38000 0.00518 0.00913 0.00243
v -0.09106 0.06784 0.38000 0.00518 0.00913 0.00243
v -0.10423 0.06784 0.42052 0.00518 0.00913 0.00243
v -0.13870 0.06784 0.44556 0.00518 0.00913 0.00243
v -0.18130 0.06784 0.44556 0.00518 0.00913 0.00243
v -0.21577 0.06784 0.42052 0.00518 0.00913 0.00243
v -0.22894 0.06784 0.38000 0.00518 0.00913 0.00243
v -0.21577 0.06784 0.33948 0.00518 0.00913 0.00243
v -0.18130 0.06784 0.31444 0.00518 0.00913 0.00243
v -0.13870 0.06784 0.31444 0.00518 0.00913 0.00243
v -0.10423 0.06784 0.33948 0.00518 0.00913 0.00243
v -0.09106 0.06784 0.38000 0.00518 0.00913 0.00243
v -0.09938 0.04500 0.38000 0.00518 0.00913 0.00243
v -0.11096 0.04500 0.41563 0.00518 0.00913 0.00243
v -0.14127 0.04500 0.43765 0.00518 0.00913 0.00243
v -0.17873 0.04500 0.43765 0.00518 0.00913 0.00243
v -0.20904 0.04500 0.41563 0.00518 0.00913 0.00243
v -0.22062 0.04500 0.38000 0.00518 0.00913 0.00243
v -0.20904 0.04500 0.34437 0.00518 0.00913 0.00243
v -0.17873 0.04500 0.32235 0.00518 0.00913 0.00243
v -0.14127 0.04500 0.32235 0.00518 0.00913 0.00243
v -0.11096 0.04500 0.34437 0.00518 0.00913 0.00243
v -0.09938 0.04500 0.38000 0.00518 0.00913 0.00243
v -0.11500 0.02638 0.38000 0.00518 0.00913 0.00243
v -0.12360 0.02638 0.40645 0.00518 0.00913 0.00243
v -0.14610 0.02638 0.42279 0.00518 0.00913 0.00243
v -0.17390 0.02638 0.42279 0.00518 0.00913 0.00243
v -0.19640 0.02638 0.40645 0.00518 0.00913 0.00243
v -0.20500 0.02638 0.38000 0.00518 0.00913 0.00243
v -0.19640 0.02638 0.35355 0.00518 0.00913 0.00243
v -0.17390 0.02638 0.33721 0.00518 0.00913 0.00243
v -0.14610 0.02638 0.33721 0.00518 0.00913 0.00243
v -0.12360 0.02638 0.35355 0.00518 0.00913 0.00243
v -0.11500 0.02638 0.38000 0.00518 0.00913 0.00243
v -0.13606 0.01422 0.38000 0.00518 0.00913 0.00243
v -0.14063 0.01422 0.39407 0.00518 0.00913 0.00243
v -0.15260 0.01422 0.40277 0.00518 0.00913 0.00243
v -0.16740 0.01422 0.40277 0.00518 0.00913 0.00243
v -0.17937 0.01422 0.39407 0.00518 0.00913 0.00243
v -0.18394 0.01422 0.38000 0.00518 0.00913 0.00243
v -0.17937 0.01422 0.36593 0.00518 0.00913 0.00243
v -0.16740 0.01422 0.35723 0.00518 0.00913 0.00243
v -0.15260 0.01422 0.35723 0.00518 0.00913 0.00243
v -0.14063 0.01422 0.36593 0.00518 0.00913 0.00243
v -0.13606 0.01422 0.38000 0.00518 0.00913 0.00243
v -0.16000 0.01000 0.38000 0.00518 0.00913 0.00243
v -0.16000 0.01000 0.38000 0.00518 0.00913 0.00243
v -0.16000 0.01000 0.38000 0.00518 0.00913 0.00243
v -0.16000 0.01000 0.38000 0.00518 0.00913 0.00243
v -0.16000 0.01000 0.38000 0.00518 0.00913 0.00243
v -0.16000 0.01000 0.38000 0.00518 0.00913 0.00243
v -0.16000 0.01000 0.38000 0.00518 0.00913 0.00243
v -0.16000 0.01000 0.38000 0.00518 0.00913 0.00243
v -0.16000 0.01000 0.38000 0.00518 0.00913 0.00243
v -0.16000 0.01000 0.38000 0.00518 0.00913 0.00243
v -0.16000 0.01000 0.38000 0.00518 0.00913 0.00243
f 914 926 925
f 915 927 926
f 916 928 927
f 917 929 928
f 918 930 929
f 919 931 930
f 920 932 931
f 921 933 932
f 922 934 933
f 923 935 934
f 926 937 925
f 925 937 936
f 927 938 926
f 926 938 937
f 928 939 927
f 927 939 938
f 929 940 928
f 928 940 939
f 930 941 929
f 929 941 940
f 931 942 930
f 930 942 941
f 932 943 931
f 931 943 942
f 933 944 932
f 932 944 943
f 934 945 933
f 933 945 944
f 935 946 934
f 934 946 945
f 937 948 936
f 936 948 947
f 938 949 937
f 937 949 948
f 939 950 938
f 938 950 949
f 940 951 939
f 939 951 950
f 941 952 940
f 940 952 951
f 942 953 941
f 941 953 952
f 943 954 942
f 942 954 953
f 944 955 943
f 943 955 954
f 945 956 944
f 944 956 955
f 946 957 945
f 945 957 956
f 948 959 947
f 947 959 958
f 949 960 948
f 948 960 959
f 950 961 949
f 949 961 960
f 951 962 950
f 950 962 961
f 952 963 951
f 951 963 962
f 953 964 952
f 952 964 963
f 954 965 953
f 953 965 964
f 955 966 954
f 954 966 965
f 956 967 955
f 955 967 966
f 957 968 956
f 956 968 967
f 959 970 958
f 958 970 969
f 960 971 959
f 959 971 970
f 961 972 960
f 960 972 971
f 962 973 961
f 961 973 972
f 963 974 962
f 962 974 973
f 964 975 963
f 963 975 974
f 965 976 964
f 964 976 975
f 966 977 965
f 965 977 976
f 967 978 966
f 966 978 977
f 968 979 967
f 967 979 978
f 970 981 969
f 969 981 980
f 971 982 970
f 970 982 981
f 972 983 971
f 971 983 982
f 973 984 972
f 972 984 983
f 974 985 973
f 973 985 984
f 975 986 974
f 974 986 985
f 976 987 975
f 975 987 986
f 977 988 976
f 976 988 987
f 978 989 977
f 977 989 988
f 979 990 978
f 978 990 989
f 981 992 980
f 980 992 991
f 982 993 981
f 981 993 992
f 983 994 982
f 982 994 993
f 984 995 983
f 983 995 994
f 985 996 984
f 984 996 995
f 986 997 985
f 985 997 996
f 987 998 986
f 986 998 997
f 988 999 987
f 987 999 998
f 989 1000 988
f 988 1000 999
f 990 1001 989
f 989 1001 1000
f 992 1003 991
f 991 1003 1002
f 993 1004 992
f 992 1004 1003
f 994 1005 993
f 993 1005 1004
f 995 1006 994
f 994 1006 1005
f 996 1007 995
f 995 1007 1006
f 997 1008 996
f 996 1008 1007
f 998 1009 997
f 997 1009 1008
f 999 1010 998
f 998 1010 1009
f 1000 1011 999
f 999 1011 1010
f 1001 1012 1000
f 1000 1012 1011
f 1003 1014 1002
f 1004 1015 1003
f 1005 1016 1004
f 1006 1017 1005
f 1007 1018 1006
f 1008 1019 1007
f 1009 1020 1008
f 1010 1021 1009
f 1011 1022 1010
f 1012 1023 1011
f 1024 1036 1035
f 1025 1037 1036
f 1026 1038 1037
f 1027 1039 1038
f 1028 1040 1039
f 1029 1041 1040
f 1030 1042 1041
f 1031 1043 1042
f 1032 1044 1043
f 1033 1045 1044
f 1036 1047 1035
f 1035 1047 1046
f 1037 1048 1036
f 1036 1048 1047
f 1038 1049 1037
f 1037 1049 1048
f 1039 1050 1038
f 1038 1050 1049
f 1040 1051 1039
f 1039 1051 1050
f 1041 1052 1040
f 1040 1052 1051
f 1042 1053 1041
f 1041 1053 1052
f 1043 1054 1042
f 1042 1054 1053
f 1044 1055 1043
f 1043 1055 1054
f 1045 1056 1044
f 1044 1056 1055
f 1047 1058 1046
f 1046 1058 1057
f 1048 1059 1047
f 1047 1059 1058
f 1049 1060 1048
f 1048 1060 1059
f 1050 1061 1049
f 1049 1061 1060
f 1051 1062 1050
f 1050 1062 1061
f 1052 1063 1051
f 1051 1063 1062
f 1053 1064 1052
f 1052 1064 1063
f 1054 1065 1053
f 1053 1065 1064
f 1055 1066 1054
f 1054 1066 1065
f 1056 1067 1055
f 1055 1067 1066
f 1058 1069 1057
f 1057 1069 1068
f 1059 1070 1058
f 1058 1070 1069
f 1060 1071 1059
f 1059 1071 1070
f 1061 1072 1060
f 1060 1072 1071
f 1062 1073 1061
f 1061 1073 1072
f 1063 1074 1062
f 1062 1074 1073
f 1064 1075 1063
f 1063 1075 1074
f 1065 1076 1064
f 1064 1076 1075
f 1066 1077 1065
f 1065 1077 1076
f 1067 1078 1066
f 1066 1078 1077
f 1069 1080 1068
f 1068 1080 1079
f 1070 1081 1069
f 1069 1081 1080
f 1071 1082 1070
f 1070 1082 1081
f 1072 1083 1071
f 1071 1083 1082
f 1073 1084 1072
f 1072 1084 1083
f 1074 1085 1073
f 1073 1085 1084
f 1075 1086 1074
f 1074 1086 1085
f 1076 1087 1075
f 1075 1087 1086
f 1077 1088 1076
f 1076 1088 1087
f 1078 1089 1077
f 1077 1089 1088
f 1080 1091 1079
f 1079 1091 1090
f 1081 1092 1080
f 1080 1092 1091
f 1082 1093 1081
f 1081 1093 1092
f 1083 1094 1082
f 1082 1094 1093
f 1084 1095 1083
f 1083 1095 1094
f 1085 1096 1084
f 1084 1096 1095
f 1086 1097 1085
f 1085 1097 1096
f 1087 1098 1086
f 1086 1098 1097
f 1088 1099 1087
f 1087 1099 1098
f 1089 1100 1088
f 1088 1100 1099
f 1091 1102 1090
f 1090 1102 1101
f 1092 1103 1091
f 1091 1103 1102
f 1093 1104 1092
f 1092 1104 1103
f 1094 1105 1093
f 1093 1105 1104
f 1095 1106 1094
f 1094 1106 1105
f 1096 1107 1095
f 1095 1107 1106
f 1097 1108 1096
f 1096 1108 1107
f 1098 1109 1097
f 1097 1109 1108
f 1099 1110 1098
f 1098 1110 1109
f 1100 1111 1099
f 1099 1111 1110
f 1102 1113 1101
f 1101 1113 1112
f 1103 1114 1102
f 1102 1114 1113
f 1104 1115 1103
f 1103 1115 1114
f 1105 1116 1104
f 1104 1116 1115
f 1106 1117 1105
f 1105 1117 1116
f 1107 1118 1106
f 1106 1118 1117
f 1108 1119 1107
f 1107 1119 1118
f 1109 1120 1108
f 1108 1120 1119
f 1110 1121 1109
f 1109 1121 1120
f 1111 1122 1110
f 1110 1122 1121
f 1113 1124 1112
f 1114 1125 1113
f 1115 1126 1114
f 1116 1127 1115
f 1117 1128 1116
f 1118 1129 1117
f 1119 1130 1118
f 1120 1131 1119
f 1121 1132 1120
f 1122 1133 1121